Player,Team,Position,CPAA_FPTS,Scarcity,PPPG,ATT,CMP,YDS,TDS,INTS,ATT2,YDS2,TDS2,FL,REC,ProjectionYear,FPTS
Aaron Rodgers,GB,QB,309.1533203125,0.8466796875,22.08238,589.2,378.7,4,34.1,9,58.9,321.2,2.1,1.9,,2018,325.7
Tom Brady,NE,QB,298.233337402344,11.7666625976563,21.30238,591.1,390.4,4,33.7,8.8,27.7,34.5,0.9,1.9,,2018,307.5
Russell Wilson,SEA,QB,295.413330078125,14.586669921875,21.10095,539.7,332.5,3,26.6,12.2,91.3,506.8,3.1,2,,2018,302.8
Cam Newton,CAR,QB,288.753326416016,21.2466735839844,20.62524,512.7,299.6,3,22.5,14.4,123.6,640.8,5.2,1.6,,2018,291.7
Deshaun Watson,HOU,QB,284.073333740234,25.9266662597656,20.29095,509.1,308.3,3,26.4,15.7,76.6,456.3,3.5,2.2,,2018,283.9
Drew Brees,NO,QB,283.17333984375,26.82666015625,20.22667,573.5,393.4,4,29.1,12.7,26.7,54.4,1.6,1.9,,2018,282.4
Carson Wentz,PHI,QB,282.573333740234,27.4266662597656,20.18381,534.4,330,3,28.1,10.7,68.9,286.2,1.9,2.3,,2018,281.4
Matthew Stafford,DET,QB,274.113342285156,35.8866577148438,19.57952,574.3,372,4,26.6,12.2,34.8,129.6,1,2.7,,2018,267.3
Kirk Cousins,MIN,QB,273.693328857422,36.3066711425781,19.54952,549.2,359,4,25.6,13.4,49.1,159,2.6,2.4,,2018,266.6
Alex Smith,WAS,QB,272.013336181641,37.9866638183594,19.42952,533.6,343.6,3,23.8,9.2,58,265.8,1.7,3.6,,2018,263.8
Ben Roethlisberger,PIT,QB,270.873321533203,39.1266784667969,19.34809,574.5,367.5,4,27.9,15,23.6,49.4,0.7,1.7,,2018,261.9
Philip Rivers,LAC,QB,268.6533203125,41.3466796875,19.18952,573.2,357.7,4,28.2,14,19.2,29.4,0.2,2.1,,2018,258.2
Matt Ryan,ATL,QB,268.533325195313,41.4666748046875,19.18095,549.4,360,4,25.2,12.1,34.4,112.5,0.7,2,,2018,258
Jimmy Garoppolo,SF,QB,267.573333740234,42.4266662597656,19.11238,569.2,367,4,23.9,12.5,39.8,99.9,1.5,2.1,,2018,256.4
Jared Goff,LAR,QB,264.873321533203,45.1266784667969,18.91952,535.6,325.8,3,27,10.9,29.5,67.7,1.1,2.7,,2018,251.9
Dak Prescott,DAL,QB,264.693328857422,45.3066711425781,18.90667,499.9,311.4,3,21.2,12.4,59.4,333.4,4,2.5,,2018,251.6
Marcus Mariota,TEN,QB,263.793334960938,46.2066650390625,18.84238,504.1,310.9,3,21.4,14.3,65.6,349.5,3.3,2.3,,2018,250.1
Andrew Luck,IND,QB,262.473327636719,47.5266723632813,18.74809,511.1,317.8,3,24.4,14,55.9,265.4,1.7,2,,2018,247.9
Blake Bortles,JAC,QB,261.513336181641,48.4866638183594,18.67952,528.1,315.2,3,21.3,13.2,58.1,326.1,2.2,2.2,,2018,246.3
Patrick Mahomes,KC,QB,261.393341064453,48.6066589355469,18.67095,526.2,333,3,23.2,13.9,56.5,220.2,1.8,2.5,,2018,246.1
Mitch Trubisky,CHI,QB,251.913330078125,58.086669921875,17.99381,518.3,311.7,3,20.2,13.7,58.9,298.5,2.1,2.6,,2018,230.3
Ryan Tannehill,MIA,QB,251.49333190918,58.5066680908203,17.96381,552.9,348.3,3,21.5,14.8,40,158.4,1.3,2.2,,2018,229.6
Andy Dalton,CIN,QB,250.83332824707,59.1666717529297,17.91667,531.9,322.9,3,23.4,13.3,40.9,131.2,1.3,2.8,,2018,228.5
Case Keenum,DEN,QB,250.473327636719,59.5266723632813,17.89095,554.3,346.3,3,21.4,12.7,39.4,140.8,1.1,3,,2018,227.9
Derek Carr,OAK,QB,250.473327636719,59.5266723632813,17.89095,561.5,342.1,3,24.2,13.1,27.3,67.3,0.5,2.6,,2018,227.9
Eli Manning,NYG,QB,248.973327636719,61.0266723632813,17.78381,590.9,361.5,3,24.2,14.7,15.3,28.1,0.7,2.3,,2018,225.4
Tyrod Taylor,CLE,QB,246.633331298828,63.3666687011719,17.61667,451.2,272.2,3,17.1,8.4,67.3,368.6,3,2.8,,2018,221.5
Jameis Winston,TB,QB,240.99333190918,69.0066680908203,17.21381,465.8,289.5,3,20.3,11.9,33.8,132.2,1.2,2,,2018,212.1
Joe Flacco,BAL,QB,233.373336791992,76.6266632080078,16.66952,555.7,342.5,3,19.7,13.6,23.5,52.8,1,1.3,,2018,199.4
Sam Bradford,ARI,QB,196.593322753906,113.406677246094,14.04238,339.3,220.1,2,13.3,7.3,12.9,26.3,0.2,0.8,,2018,138.1
Josh McCown,NYJ,QB,192.873336791992,117.126663208008,13.77667,314.8,192.9,2,12.1,8.6,25.2,94.5,1.1,1.2,,2018,131.9
AJ McCarron,BUF,QB,177.513336181641,132.486663818359,12.67952,276.4,166.8,1,9.9,7.5,22.2,71.9,0.5,1.1,,2018,106.3
Josh Rosen,ARI,QB,167.253326416016,142.746673583984,11.94667,239.3,143.7,1,8.5,6.3,13.5,39.9,0.3,2,,2018,89.2
Josh Allen,BUF,QB,162.99333190918,147.00666809082,11.64238,216.4,125.8,1,7.8,7.6,18.8,73.7,0.6,0.9,,2018,82.1
Sam Darnold,NYJ,QB,153.99333190918,156.00666809082,10.99952,181.4,108,1,6.9,6.4,14.6,43.7,0.2,1.3,,2018,67.1
Ryan Fitzpatrick,TB,QB,144.273330688477,165.726669311523,10.30524,126.1,75.9,873.1,4.5,3.1,8.1,34.4,0.2,0.3,,2018,50.9
Baker Mayfield,CLE,QB,139.713333129883,170.286666870117,9.979524,99.8,58.5,688.5,4,2.8,10.6,43.9,0.3,0.5,,2018,43.3
Teddy Bridgewater,NYJ,QB,132.1533203125,177.8466796875,9.439523,92.1,54,586.1,3,3.1,4.9,18.5,0.1,0.5,,2018,30.7
Jacoby Brissett,IND,QB,131.313323974609,178.686676025391,9.379523,63.6,37.9,427.9,2.3,1.8,10,46.3,0.3,0,,2018,29.3
Lamar Jackson,BAL,QB,128.973327636719,181.026672363281,9.21238,43.9,25.3,286.4,1.8,1.1,12.8,75.6,0.6,1.2,,2018,25.4
Nick Foles,PHI,QB,125.493324279785,184.506675720215,8.963809,39.6,24.3,283.2,2.5,1.5,3.5,9.2,0,0,,2018,19.6
Nathan Peterman,BUF,QB,122.913330078125,187.086669921875,8.779524,50,29,293,1.5,1.5,3,11,0.1,0.4,,2018,15.3
Brandon Weeden,HOU,QB,122.613327026367,187.386672973633,8.758095,38.6,23.4,261.8,1.5,1.3,2.9,6.6,0,0,,2018,14.8
Connor Cook,OAK,QB,121.473327636719,188.526672363281,8.676666,32.4,19.8,226.5,1.2,1,2.3,8.1,0,0,,2018,12.9
Landry Jones,PIT,QB,121.473327636719,188.526672363281,8.676666,34.7,20.7,235.5,1.1,1.1,2.4,8.2,0,0,,2018,12.9
Blaine Gabbert,TEN,QB,121.233329772949,188.766670227051,8.659524,33,19.1,212.9,1.3,1.1,2,8,0,0,,2018,12.5
David Fales,MIA,QB,120.813323974609,189.186676025391,8.629523,33.1,19.2,212.4,1.1,1.2,2.7,10.6,0,0,,2018,11.8
Matt Barkley,CIN,QB,119.133323669434,190.866676330566,8.509523,23.6,14.4,163.3,0.8,0.6,1.2,3.6,0,0,,2018,9
Chase Daniel,CHI,QB,119.07332611084,190.92667388916,8.505238,20.8,12.9,146.9,0.8,0.2,1.2,2.4,0,0,,2018,8.9
Jake Rudock,DET,QB,118.113327026367,191.886672973633,8.436666,23.1,12.7,147.5,0.6,0.8,1.2,4.6,0,0,,2018,7.3
Davis Webb,NYG,QB,118.053329467773,191.946670532227,8.432381,21.6,12.7,151,0.5,0.5,1.2,3.8,0,0.1,,2018,7.2
Colt McCoy,WAS,QB,117.873329162598,192.126670837402,8.419523,17.6,10.6,123.9,0.6,0.5,1.5,4.6,0,0,,2018,6.9
Brett Hundley,GB,QB,117.393325805664,192.606674194336,8.385238,15.6,8.8,97.3,0.5,0.6,2,10,0,0.1,,2018,6.1
C.J. Beathard,SF,QB,117.273323059082,192.726676940918,8.376666,16.6,9.8,107,0.3,0.3,1.4,6.9,0,0,,2018,5.9
Paxton Lynch,DEN,QB,117.213325500488,192.786674499512,8.37238,16.4,9.5,104,0.5,0.5,1.3,7.3,0,0,,2018,5.8
Austin Davis,SEA,QB,117.213325500488,192.786674499512,8.37238,16.3,10,110.5,0.4,0.3,0.8,2.3,0,0,,2018,5.8
Cooper Rush,DAL,QB,117.093330383301,192.906669616699,8.36381,13.3,7.3,84.7,0.4,0.3,1.7,8.9,0,0,,2018,5.6
Trevor Siemian,MIN,QB,116.973327636719,193.026672363281,8.355238,14.3,8.8,97,0.3,0.3,1.3,6.1,0,0,,2018,5.4
Ryan Griffin,TB,QB,116.853324890137,193.146675109863,8.346666,16.3,8.7,101.1,0.5,0.5,1,3.6,0,0.1,,2018,5.2
Cody Kessler,JAC,QB,116.793327331543,193.206672668457,8.342381,13.6,7.9,88.6,0.5,0.3,0.9,2.3,0,0,,2018,5.1
Brock Osweiler,MIA,QB,116.793327331543,193.206672668457,8.342381,15.4,8.9,101.2,0.4,0.4,0.4,2.1,0,0,,2018,5.1
Tom Savage,NO,QB,116.553329467773,193.446670532227,8.325238,14.1,8.6,91,0.3,0.4,1.2,2.9,0,0,,2018,4.7
Brian Hoyer,NE,QB,116.493324279785,193.506675720215,8.320951,11.9,7.1,81.5,0.4,0.2,0.7,2,0,0,,2018,4.6
Chad Henne,KC,QB,116.253326416016,193.746673583984,8.303809,13.2,8,90.4,0.3,0.5,1.1,2.4,0,0,,2018,4.2
DeShone Kizer,GB,QB,116.013328552246,193.986671447754,8.286666,9.8,5.8,63.8,0.2,0.2,1.5,7,0,0,,2018,3.8
Sean Mannion,LAR,QB,115.953323364258,194.046676635742,8.28238,12,6.8,74.7,0.2,0.3,2,3.5,0,0,,2018,3.7
Mason Rudolph,PIT,QB,115.893325805664,194.106674194336,8.278094,8.8,5.3,61,0.4,0.3,0.3,1.2,0,0,,2018,3.6
Matt Schaub,ATL,QB,115.893325805664,194.106674194336,8.278094,9.1,5.7,67.9,0.3,0.2,0.6,1,0,0,,2018,3.6
Geno Smith,LAC,QB,115.713325500488,194.286674499512,8.265238,11.3,6.2,69.9,0.2,0.3,1,3,0,0,,2018,3.3
EJ Manuel,OAK,QB,115.653327941895,194.346672058105,8.260952,9.6,5.3,62.5,0.2,0.2,0.6,3.7,0,0,,2018,3.2
Taylor Heinicke,CAR,QB,115.653327941895,194.346672058105,8.260952,9.3,5.3,59.7,0.2,0.1,0.3,0.3,0,0,,2018,3.2
Matt Cassel,DET,QB,114.033325195313,195.966674804688,8.145238,2,1.3,11.5,0,0,0,0.1,0,0,,2018,0.5
Mike White,DAL,QB,114.033325195313,195.966674804688,8.145238,1.3,0.8,10.2,0.1,0.1,0.1,0.2,0,0,,2018,0.5
Kevin Hogan,WAS,QB,114.033325195313,195.966674804688,8.145238,1,1,9.5,0,0,0,1,0,0,,2018,0.5
Robert Griffin,BAL,QB,113.973327636719,196.026672363281,8.140952,1,0.5,5.5,0,0,0.5,1.5,0,0,,2018,0.4
Mike Glennon,ARI,QB,113.913330078125,196.086669921875,8.136666,1,0.5,6.5,0,0,0,0,0,0,,2018,0.3
Tanner Lee,JAC,QB,113.793327331543,196.206672668457,8.128095,0,0,2,0,0,0,0,0,0,,2018,0.1
Kyle Lauletta,NYG,QB,113.793327331543,196.206672668457,8.128095,0,0,2,0,0,0,0,0,0,,2018,0.1
Luke Falk,TEN,QB,113.793327331543,196.206672668457,8.128095,0,0,2,0,0,0,0,0,0,,2018,0.1
Logan Woodside,CIN,QB,113.793327331543,196.206672668457,8.128095,0,0,2,0,0,0,0,0,0,,2018,0.1
Alex McGough,SEA,QB,113.793327331543,196.206672668457,8.128095,0,0,2,0,0,0,0,0,0,,2018,0.1
Danny Etling,NE,QB,113.793327331543,196.206672668457,8.128095,0,0,2,0,0,0,0,0,0,,2018,0.1
Garrett Gilbert,CAR,QB,113.793327331543,196.206672668457,8.128095,0,0,2,0,0,0,0,0,0,,2018,0.1
Drew Stanton,CLE,QB,113.733329772949,196.266670227051,8.123809,0,0,0,0,0,0,0,0,0,,2018,0
Bryce Petty,MIA,QB,113.733329772949,196.266670227051,8.123809,0,0,0,0,0,0,0,0,0,,2018,0
Matt McGloin,KC,QB,113.733329772949,196.266670227051,8.123809,0,0,0,0,0,0,0,0,0,,2018,0
Joe Webb,HOU,QB,113.733329772949,196.266670227051,8.123809,0,0,0,0,0,0,0,0,0,,2018,0
Taysom Hill,NO,QB,113.733329772949,196.266670227051,8.123809,0,0,0,0,0,0,0,0,0,,2018,0
Cardale Jones,LAC,QB,113.733329772949,196.266670227051,8.123809,0,0,0,0,0,0,0,0,0,,2018,0
Joe Callahan,PHI,QB,113.733329772949,196.266670227051,8.123809,0,0,0,0,0,0,0,0,0,,2018,0
Tyler Bray,CHI,QB,113.733329772949,196.266670227051,8.123809,0,0,0,0,0,0,0,0,0,,2018,0
Nate Sudfeld,PHI,QB,113.733329772949,196.266670227051,8.123809,0,0,0,0,0,0,0,0,0,,2018,0
Alex Tanney,NYG,QB,113.733329772949,196.266670227051,8.123809,0,0,0,0,0,0,0,0,0,,2018,0
Jameill Showers,DAL,QB,113.733329772949,196.266670227051,8.123809,0,0,0,0,0,0,0,0,0,,2018,0
Todd Gurley,LAR,RB,226.544326782227,0.455673217773438,16.18174,288.9,,1,10.9,,,624.3,3.7,1.8,66.1,2018,276.2
"Le'Veon Bell",PIT,RB,222.080337524414,4.91966247558594,15.86288,302.6,,1,9.6,,,657.2,2.8,2.1,82.4,2018,266.9
Ezekiel Elliott,DAL,RB,214.928329467773,12.0716705322266,15.35202,311,,1,11.2,,,371.1,1.8,1.3,40.7,2018,252
David Johnson,ARI,RB,213.488327026367,13.5116729736328,15.24917,276.9,,1,8.5,,,764,3.2,2.8,76.1,2018,249
Alvin Kamara,NO,RB,202.688339233398,24.3116607666016,14.47774,171,,854,7.5,,,724.3,4.2,0.8,75.8,2018,226.5
Kareem Hunt,KC,RB,196.592330932617,30.4076690673828,14.04231,250.1,,1,8,,,428.4,2.2,1.5,53.2,2018,213.8
Melvin Gordon,LAC,RB,195.968338012695,31.0316619873047,13.99774,274.5,,1,7.5,,,459.4,2.5,0.7,54.6,2018,212.5
Leonard Fournette,JAC,RB,193.760330200195,33.2396697998047,13.84002,287.3,,1,9.5,,,303.6,1.1,0.9,37.2,2018,207.9
Saquon Barkley,NYG,RB,192.36833190918,34.6316680908203,13.74059,256.5,,1,7.3,,,417.5,1.9,1.1,53.5,2018,205
Dalvin Cook,MIN,RB,190.496337890625,36.503662109375,13.60688,262.1,,1,7.4,,,363.4,1.8,1.6,45.3,2018,201.1
Devonta Freeman,ATL,RB,185.504333496094,41.4956665039063,13.25031,221,,966.4,7.9,,,384,1.8,1.2,45.1,2018,190.7
LeSean McCoy,BUF,RB,183.344329833984,43.6556701660156,13.09602,239.4,,1,5.9,,,407.5,1.7,0.9,52.4,2018,186.2
Christian McCaffrey,CAR,RB,177.920333862305,49.0796661376953,12.7086,156,,625.4,3.7,,,661.3,4.3,0.9,75.8,2018,174.9
Jerick McKinnon,SF,RB,177.200332641602,49.7996673583984,12.65717,213.9,,857.3,5.8,,,452,1.9,1.8,57.6,2018,173.4
Jordan Howard,CHI,RB,176.528335571289,50.4716644287109,12.60917,248.9,,1,7.5,,,195,0.8,0.9,26.8,2018,172
Joe Mixon,CIN,RB,172.112335205078,54.8876647949219,12.29374,230.5,,900.1,6.3,,,312.8,1.1,1.6,37.6,2018,162.8
Derrick Henry,TEN,RB,168.9443359375,58.0556640625,12.06745,213.1,,913.7,6.9,,,195,0.9,0.8,21.4,2018,156.2
Alex Collins,BAL,RB,167.024337768555,59.9756622314453,11.93031,222.6,,940.4,6.1,,,216,0.8,2.3,28.8,2018,152.2
Jay Ajayi,PHI,RB,164.864334106445,62.1356658935547,11.77602,221,,950.7,5.6,,,185.6,0.8,2.1,26.2,2018,147.7
Kenyan Drake,MIA,RB,164.480331420898,62.5196685791016,11.7486,186.7,,804.5,5.2,,,308.2,1.2,1.3,41.4,2018,146.9
Derrius Guice,WAS,RB,163.232330322266,63.7676696777344,11.65945,207.4,,857.2,6.1,,,204,0.8,1.6,25.5,2018,144.3
Lamar Miller,HOU,RB,161.888336181641,65.1116638183594,11.56345,201.8,,787.9,4.1,,,286.9,1.9,0.9,35.1,2018,141.5
Mark Ingram,NO,RB,158.57633972168,68.4236602783203,11.32688,154,,709.2,6.1,,,242.8,1.1,1.8,32.7,2018,134.6
Rashaad Penny,SEA,RB,157.952331542969,69.0476684570313,11.28231,184.7,,757.2,4.9,,,228.3,1.3,1.1,28.9,2018,133.3
Marshawn Lynch,OAK,RB,157.376327514648,69.6236724853516,11.24117,185.3,,785.3,6.3,,,150.5,0.5,1,20.7,2018,132.1
Tevin Coleman,ATL,RB,157.232330322266,69.7676696777344,11.23088,148.5,,614.4,4.5,,,318.3,2.1,0.7,33.2,2018,131.8
Royce Freeman,DEN,RB,154.688339233398,72.3116607666016,11.04917,181.5,,749.1,4.6,,,223.3,0.7,1.5,28.6,2018,126.5
Dion Lewis,TEN,RB,154.304336547852,72.6956634521484,11.02174,139.2,,629.7,3.8,,,311,1.8,1.2,41.7,2018,125.7
Marlon Mack,IND,RB,154.016326904297,72.9836730957031,11.00117,163.2,,635.8,4.6,,,258.7,1.5,0.5,28.5,2018,125.1
Sony Michel,NE,RB,153.872329711914,73.1276702880859,10.99088,158.8,,670.3,5.5,,,217.7,0.9,1,27.5,2018,124.8
Ronald Jones II,TB,RB,152.57633972168,74.4236602783203,10.89831,189.9,,751.2,4.2,,,208.7,0.7,1.5,27.6,2018,122.1
Rex Burkhead,NE,RB,151.280334472656,75.7196655273438,10.80574,112.1,,499.1,5.3,,,275.7,1.9,0.6,32.7,2018,119.4
Isaiah Crowell,NYJ,RB,150.560333251953,76.4396667480469,10.75431,176.8,,695.3,4.3,,,198.7,0.7,0.8,27.6,2018,117.9
Chris Thompson,WAS,RB,147.968338012695,79.0316619873047,10.56917,76,,321.8,2,,,534,3.1,1.8,56.9,2018,112.5
Carlos Hyde,CLE,RB,146.240341186523,80.7596588134766,10.44574,155.9,,648.6,4.5,,,175.6,0.5,1.7,27.5,2018,108.9
Jamaal Williams,GB,RB,143.984329223633,83.0156707763672,10.28459,128.1,,527.1,3.8,,,222.4,1.3,0.6,24.8,2018,104.2
Duke Johnson,CLE,RB,143.024337768555,83.9756622314453,10.21602,72.8,,313.9,2,,,507.7,1.8,1.3,57.1,2018,102.2
Devontae Booker,DEN,RB,141.008331298828,85.9916687011719,10.07202,129.6,,516,2.8,,,266.2,0.9,1.2,32.5,2018,98
Kerryon Johnson,DET,RB,140.096328735352,86.9036712646484,10.00688,134.4,,531.4,3.8,,,186.8,0.7,1.2,25.8,2018,96.1
Ty Montgomery,GB,RB,139.664337158203,87.3356628417969,9.976024,88.6,,377.4,2.9,,,318.8,1.6,0.6,41.8,2018,95.2
Tarik Cohen,CHI,RB,139.52033996582,87.4796600341797,9.965738,83.3,,336,1.8,,,428.3,1.7,1.4,57.5,2018,94.9
James White,NE,RB,139.232330322266,87.7676696777344,9.945167,60.7,,246.1,2.1,,,399.5,3,0.5,50.5,2018,94.3
"D'Onta Foreman",HOU,RB,138.848327636719,88.1516723632813,9.917738,143.5,,565.2,3.6,,,140,0.6,1.2,16.4,2018,93.5
Bilal Powell,NYJ,RB,137.984329223633,89.0156707763672,9.856024,118.8,,491.4,3.1,,,210.7,0.7,0.8,28.8,2018,91.7
C.J. Anderson,CAR,RB,137.696334838867,89.3036651611328,9.835452,135.2,,558.1,3.9,,,103.3,0.5,0.6,12.7,2018,91.1
Giovani Bernard,CIN,RB,135.584335327148,91.4156646728516,9.684595,89.9,,372.8,1.9,,,308.5,1.4,0.9,36,2018,86.7
Corey Clement,PHI,RB,134.096328735352,92.9036712646484,9.578309,88.2,,363.6,3.4,,,210.9,1.2,0.8,22.5,2018,83.6
Latavius Murray,MIN,RB,133.040328979492,93.9596710205078,9.502881,118.6,,469.7,3.6,,,117.2,0.4,0.7,16.3,2018,81.4
Frank Gore,MIA,RB,132.848327636719,94.1516723632813,9.489166,111,,438.7,2.4,,,192.8,0.8,0.8,25.2,2018,81
Nick Chubb,CLE,RB,132.320327758789,94.6796722412109,9.451452,115.5,,488.3,3.5,,,108,0.3,1.3,14.3,2018,79.9
Matt Breida,SF,RB,131.792327880859,95.2076721191406,9.413737,99.5,,427.2,2.8,,,165.1,0.8,0.9,20.3,2018,78.8
Theo Riddick,DET,RB,131.696334838867,95.3036651611328,9.406881,59,,219.4,1.3,,,385.2,2,0.8,48.7,2018,78.6
Austin Ekeler,LAC,RB,130.112335205078,96.8876647949219,9.293738,82.2,,334.2,2.1,,,251.4,1.6,2.6,28.6,2018,75.3
Chris Carson,SEA,RB,129.152328491211,97.8476715087891,9.225166,97.1,,389.4,2.4,,,162.9,0.9,0.7,19.3,2018,73.3
Aaron Jones,GB,RB,129.152328491211,97.8476715087891,9.225166,94.9,,423.5,3.4,,,98,0.4,0.6,14.6,2018,73.3
Nyheim Hines,IND,RB,128.768341064453,98.2316589355469,9.197739,80.3,,313.5,1.9,,,238.4,1.2,0.7,30.4,2018,72.5
Javorius Allen,BAL,RB,128.144332885742,98.8556671142578,9.153167,87.5,,341.8,2.3,,,192.9,0.8,0.5,29.6,2018,71.2
Chris Ivory,BUF,RB,127.520332336426,99.4796676635742,9.108595,103.4,,405,2.5,,,132.9,0.7,1.5,17.6,2018,69.9
Doug Martin,OAK,RB,127.18433380127,99.8156661987305,9.084596,114.3,,414.5,3,,,103.4,0.2,1,12.5,2018,69.2
LeGarrette Blount,DET,RB,126.70433807373,100.29566192627,9.05031,104.9,,419.2,3.7,,,46.4,0.2,0.9,6.7,2018,68.2
Peyton Barber,TB,RB,126.176338195801,100.823661804199,9.012595,101.7,,409.5,2.7,,,94.9,0.3,0.8,12.6,2018,67.1
Kenneth Dixon,BAL,RB,125.60033416748,101.39966583252,8.971453,80.4,,341.8,2.2,,,159.3,0.7,0.7,23.6,2018,65.9
Darren Sproles,PHI,RB,123.104331970215,103.895668029785,8.793166,51,,209.6,1.2,,,276.1,1.3,1.5,32.9,2018,60.7
T.J. Yeldon,JAC,RB,122.768333435059,104.231666564941,8.769167,64.4,,285.8,1.6,,,202.8,0.5,0.7,26.3,2018,60
Spencer Ware,KC,RB,121.23233795166,105.76766204834,8.659452,75,,311.7,2.2,,,122.3,0.5,1.4,13.5,2018,56.8
Elijah McGuire,NYJ,RB,117.152336120605,109.847663879395,8.368024,62.5,,239.8,1.3,,,156.6,0.6,1.4,18.1,2018,48.3
Corey Grant,JAC,RB,117.104331970215,109.895668029785,8.364595,58.1,,255,1.8,,,108.4,0.4,0.9,12.9,2018,48.2
Jonathan Stewart,NYG,RB,116.912338256836,110.087661743164,8.350882,72,,271.7,2.5,,,53.6,0.2,0.5,8.2,2018,47.8
Wayne Gallman,NYG,RB,116.192337036133,110.807662963867,8.299453,53.2,,211.6,1,,,170.4,0.7,0.9,25.4,2018,46.3
Ameer Abdullah,DET,RB,116.048332214355,110.951667785645,8.289166,61.5,,223.9,1.7,,,119.5,0.6,0.9,16.6,2018,46
Tavon Austin,DAL,RB,115.76033782959,111.23966217041,8.268596,27.7,,135.3,1,,,192.7,1.1,0,21.8,2018,45.4
Rod Smith,DAL,RB,114.800331115723,112.199668884277,8.200024,48,,207,1.7,,,102.2,0.6,0.7,11.9,2018,43.4
Chase Edmonds,ARI,RB,113.888336181641,113.111663818359,8.134881,56.5,,210.7,1.5,,,117.5,0.2,0.8,15.1,2018,41.5
Charles Sims,TB,RB,113.216331481934,113.783668518066,8.086881,38.4,,139.6,0.5,,,207.9,0.6,0.8,26.7,2018,40.1
Jalen Richard,OAK,RB,112.928337097168,114.071662902832,8.06631,42.1,,181.6,1.1,,,145.7,0.6,1.7,17.9,2018,39.5
"De'Angelo Henderson",DEN,RB,112.160331726074,114.839668273926,8.011453,56.7,,215.8,1,,,89.4,0.6,1.1,10.1,2018,37.9
James Conner,PIT,RB,112.064331054688,114.935668945313,8.004595,58.2,,234.3,1.7,,,42,0.2,0.7,6.2,2018,37.7
DeAndre Washington,OAK,RB,111.680335998535,115.319664001465,7.977167,37.8,,145.2,1.2,,,120.8,0.6,0.1,18.1,2018,36.9
Jordan Wilkins,IND,RB,111.344337463379,115.655662536621,7.953167,54.9,,218.6,1.3,,,60,0.2,0.3,7.9,2018,36.2
Samaje Perine,WAS,RB,110.720336914063,116.279663085938,7.908596,59.4,,219.1,1.4,,,77,0.2,2.2,9.5,2018,34.9
Travaris Cadet,BUF,RB,109.376335144043,117.623664855957,7.812595,40.2,,160.9,0.9,,,95,0.3,0.5,13.3,2018,32.1
Christine Michael,IND,RB,109.280334472656,117.719665527344,7.805738,42.8,,164.6,1.1,,,99.5,0.5,2.1,14.6,2018,31.9
Kyle Juszczyk,SF,RB,109.23233795166,117.76766204834,7.80231,9,,35.8,0.2,,,254.3,1,2.2,30.4,2018,31.8
Kalen Ballage,MIA,RB,108.65633392334,118.34366607666,7.761167,41.4,,165.7,0.9,,,86.4,0.2,0.8,11.3,2018,30.6
C.J. Prosise,SEA,RB,108.41633605957,118.58366394043,7.744024,29.5,,112.7,0.6,,,132.4,0.4,0.1,13.1,2018,30.1
Malcolm Brown,LAR,RB,108.41633605957,118.58366394043,7.744024,49.9,,202.3,1.1,,,43.9,0.1,0.9,6.1,2018,30.1
Terrance West,NO,RB,108.320335388184,118.679664611816,7.737167,41,,166.9,1.5,,,47.4,0.1,0.5,5.8,2018,29.9
Joe Williams,SF,RB,107.888336181641,119.111663818359,7.70631,38,,147.8,1.1,,,70.2,0.2,0.3,8.8,2018,29
Jeremy Hill,NE,RB,107.408332824707,119.591667175293,7.672024,39.4,,152.6,1.7,,,26.7,0,0.2,3.6,2018,28
John Kelly,LAR,RB,107.120338439941,119.879661560059,7.651453,45.5,,179.5,0.9,,,41.5,0.1,0.2,5.7,2018,27.4
Cameron Artis-Payne,CAR,RB,107.024337768555,119.975662231445,7.644596,41.4,,167,1.2,,,47.9,0.2,1.1,7.3,2018,27.2
Robert Turbin,IND,RB,106.400337219238,120.599662780762,7.600024,36.9,,135.3,1.1,,,61.1,0.2,0.5,8.6,2018,25.9
Jacquizz Rodgers,TB,RB,104.672332763672,122.327667236328,7.476595,34.6,,131.9,0.9,,,36.7,0.1,0.1,5.1,2018,22.3
T.J. Logan,ARI,RB,104.528335571289,122.471664428711,7.46631,26.6,,109.3,0.5,,,68.7,0.2,0,9,2018,22
Justin Jackson,LAC,RB,104.28833770752,122.71166229248,7.449167,31.3,,120.4,0.7,,,46.7,0.1,0.2,5.9,2018,21.5
Wendell Smallwood,PHI,RB,104.144332885742,122.855667114258,7.438881,33.1,,123.7,0.9,,,53.9,0.2,1.5,6.5,2018,21.2
Alfred Blue,HOU,RB,104.096336364746,122.903663635254,7.435452,30.6,,117.7,0.5,,,55.8,0.2,0.1,7,2018,21.1
Mike Gillislee,NE,RB,104.048332214355,122.951667785645,7.432024,25.1,,105.7,0.9,,,39.6,0.3,0.2,4.7,2018,21
Thomas Rawls,NYJ,RB,103.904335021973,123.095664978027,7.421738,46.8,,165.3,1.5,,,52.2,0.1,5.5,6.2,2018,20.7
Robert Kelley,WAS,RB,103.904335021973,123.095664978027,7.421738,39.2,,132.4,0.8,,,28.2,0,0.3,3.9,2018,20.7
Mark Walton,CIN,RB,103.328338623047,123.671661376953,7.380596,33.3,,131.2,0.6,,,45.5,0.1,1.1,5.8,2018,19.5
Boston Scott,NO,RB,102.752334594727,124.247665405273,7.339452,21.6,,89.3,0.8,,,40.7,0.1,0.2,5,2018,18.3
J.D. McKissic,SEA,RB,102.608337402344,124.391662597656,7.329167,13.9,,56,0.2,,,104.5,0.2,0,13.5,2018,18
Jeremy McNichols,SF,RB,102.41633605957,124.58366394043,7.315453,17.1,,70.6,0.4,,,73,0.2,0,8.8,2018,17.6
Kapri Bibbs,WAS,RB,101.888336181641,125.111663818359,7.277738,11.8,,49.5,0.3,,,80.2,0.4,0.3,8.8,2018,16.5
Bo Scarbrough,DAL,RB,101.84033203125,125.15966796875,7.27431,28.7,,112,0.4,,,25.7,0,0.1,3.7,2018,16.4
Jaylen Samuels,PIT,RB,100.640335083008,126.359664916992,7.188595,14.3,,53.2,0.2,,,61.8,0.2,0.1,7.8,2018,13.9
Charcandrick West,KC,RB,100.640335083008,126.359664916992,7.188595,10.6,,39.8,0.3,,,64.3,0.3,0.1,10.4,2018,13.9
Elijhaa Penny,ARI,RB,100.544334411621,126.455665588379,7.181738,14.7,,58.8,0.5,,,44.5,0.1,0.2,6,2018,13.7
Tyler Ervin,HOU,RB,100.400337219238,126.599662780762,7.171453,18.1,,70.8,0.4,,,42.6,0.1,0.3,6,2018,13.4
Damien Williams,KC,RB,100.256332397461,126.743667602539,7.161167,13,,51.7,0.4,,,42.1,0.2,0.1,5.3,2018,13.1
Benny Cunningham,CHI,RB,99.9203338623047,127.079666137695,7.137167,11.9,,44.9,0.2,,,62.6,0.2,0.1,7.4,2018,12.4
Matt Jones,PHI,RB,99.6803359985352,127.319664001465,7.120024,16,,69.7,0.5,,,23.6,0.1,0.4,3.4,2018,11.9
Alex Armah,CAR,RB,99.6803359985352,127.319664001465,7.120024,13.9,,61,0.1,,,47.8,0,0,6.4,2018,11.9
Ito Smith,ATL,RB,99.5843353271484,127.415664672852,7.113167,20.3,,78.2,0.2,,,24.6,0.1,0.1,3.3,2018,11.7
CJ Ham,MIN,RB,99.0563354492188,127.943664550781,7.075452,11.1,,44.1,0.2,,,41.9,0.1,0,5.2,2018,10.6
Tommy Bohanon,JAC,RB,98.8163375854492,128.183662414551,7.05831,4.6,,16.6,0.6,,,38.3,0.2,0,4.6,2018,10.1
Aaron Ripkowski,GB,RB,98.7683334350586,128.231666564941,7.054881,8.6,,30.9,0.2,,,47.1,0.2,0.1,6.9,2018,10
Jonathan Williams,NO,RB,98.7683334350586,128.231666564941,7.054881,19.6,,65.3,0.6,,,19.7,0,0.9,2.6,2018,10
Marcus Murphy,BUF,RB,98.5763320922852,128.423667907715,7.041167,10.3,,45.6,0.3,,,29.6,0.1,0,4.2,2018,9.6
Trey Williams,DAL,RB,98.5763320922852,128.423667907715,7.041167,8.5,,37.2,0.3,,,38,0,0,4.4,2018,9.6
Dwayne Washington,DET,RB,98.5283355712891,128.471664428711,7.037738,13.6,,44.8,0.2,,,34.8,0.1,0.2,4.3,2018,9.5
Andy Janovich,DEN,RB,98.4803314208984,128.519668579102,7.034309,5.4,,21.8,0.5,,,32.1,0.1,0,3.9,2018,9.4
Troymaine Pope,HOU,RB,98.3843383789063,128.615661621094,7.027453,10.5,,40.8,0.2,,,38,0,0,5.1,2018,9.2
Brandon Wilds,JAC,RB,98.3363342285156,128.663665771484,7.024024,10.7,,42.2,0.2,,,38.4,0,0,4.6,2018,9.1
Mack Brown,MIN,RB,98.3363342285156,128.663665771484,7.024024,11.8,,44.9,0.2,,,30.6,0.1,0.1,4,2018,9.1
D.J. Foster,ARI,RB,98.3363342285156,128.663665771484,7.024024,8.3,,27.6,0,,,48.6,0.3,0.2,6.6,2018,9.1
David Williams,DEN,RB,98.1923370361328,128.807662963867,7.013738,11.7,,42.8,0.3,,,24.9,0.1,0.1,3.2,2018,8.8
Jamize Olawale,DAL,RB,98.0963363647461,128.903663635254,7.006881,7.1,,30.1,0.3,,,34.9,0.1,0,3.6,2018,8.6
Kerwynn Williams,KC,RB,97.9523315429688,129.047668457031,6.996595,10.6,,46,0.2,,,24.4,0.1,0.1,2.7,2018,8.3
Keith Marshall,WAS,RB,97.8083343505859,129.191665649414,6.98631,7.7,,28.3,0.1,,,37.6,0.2,0,4.9,2018,8
Zach Zenner,DET,RB,97.7123336791992,129.287666320801,6.979453,9.7,,33.5,0.3,,,25.1,0.1,0.2,3.3,2018,7.8
Trey Edmunds,NO,RB,97.7123336791992,129.287666320801,6.979453,10.6,,43.2,0.4,,,13.1,0,0.2,1.7,2018,7.8
Stevan Ridley,PIT,RB,97.7123336791992,129.287666320801,6.979453,14.8,,60.8,0.2,,,5.2,0,0.1,1.1,2018,7.8
Kenjon Barner,CAR,RB,97.6643371582031,129.335662841797,6.976024,9.1,,38.3,0.4,,,15.2,0.1,0.2,1.9,2018,7.7
Roosevelt Nix,PIT,RB,97.5683364868164,129.431663513184,6.969167,9.8,,32.4,0.4,,,11.8,0.1,0,2.4,2018,7.5
Senorise Perry,MIA,RB,97.4723358154297,129.52766418457,6.96231,9.6,,40.7,0.2,,,17,0.1,0.2,2.5,2018,7.3
Fitzgerald Toussaint,PIT,RB,97.4723358154297,129.52766418457,6.96231,8,,32.9,0.3,,,18.6,0.1,0.1,2.6,2018,7.3
Brian Hill,CIN,RB,97.4243316650391,129.575668334961,6.958881,9,,31.9,0.1,,,28,0.2,0.2,2.7,2018,7.2
Tre Madden,SEA,RB,97.3283386230469,129.671661376953,6.952024,5.2,,20.1,0.1,,,27.9,0.2,0,3,2018,7
David Fluellen,TEN,RB,97.3283386230469,129.671661376953,6.952024,8.1,,43.2,0.2,,,14.1,0.1,0.2,2.5,2018,7
Anthony Sherman,KC,RB,97.2323379516602,129.76766204834,6.945167,5.5,,18.4,0.2,,,34.2,0.1,0.1,4.5,2018,6.8
Josh Adams,PHI,RB,97.2323379516602,129.76766204834,6.945167,8.4,,35.3,0.2,,,16.7,0.1,0.1,2.1,2018,6.8
Jalston Fowler,SEA,RB,97.1363372802734,129.863662719727,6.93831,5.1,,18.9,0.3,,,20.7,0.1,0,3.1,2018,6.6
Zach Line,NO,RB,96.9923324584961,130.007667541504,6.928024,4.1,,13.9,0.2,,,23.6,0.3,0,3.4,2018,6.3
Donnel Pumphrey,PHI,RB,96.9443359375,130.0556640625,6.924595,12,,41,0.3,,,5,0,0.1,1,2018,6.2
Patrick DiMarco,BUF,RB,96.9443359375,130.0556640625,6.924595,3.7,,11,0,,,39,0.2,0,5.6,2018,6.2
Derek Watt,LAC,RB,96.8483352661133,130.151664733887,6.917738,5.7,,23.1,0.1,,,23.7,0.1,0,2.3,2018,6
Fozzy Whittaker,CAR,RB,96.7523345947266,130.247665405273,6.910881,11,,40,0,,,18,0,0,2,2018,5.8
Josh Ferguson,IND,RB,96.7043380737305,130.29566192627,6.907453,6.2,,26.4,0.1,,,20.2,0,0,2.9,2018,5.7
Brandon Bolden,NE,RB,96.6563339233398,130.34366607666,6.904024,8.6,,39.4,0.2,,,10.3,0,0.2,1.4,2018,5.6
Justin Davis,LAR,RB,96.6083374023438,130.391662597656,6.900596,8.3,,26.6,0.2,,,16.8,0.1,0.1,2.5,2018,5.5
Keith Smith,OAK,RB,96.6083374023438,130.391662597656,6.900596,4.2,,16.8,0.1,,,23.3,0.1,0,3.6,2018,5.5
Jay Prosch,HOU,RB,96.6083374023438,130.391662597656,6.900596,3.5,,14,0.1,,,30.8,0.1,0,3.7,2018,5.5
Daniel Lasco,NO,RB,96.5603332519531,130.439666748047,6.897167,7.8,,26.3,0.2,,,23.1,0,0.2,2.9,2018,5.4
Dalton Crossan,TB,RB,96.5603332519531,130.439666748047,6.897167,10,,29,0.2,,,15,0,0.1,2,2018,5.4
Trenton Cannon,NYJ,RB,96.512336730957,130.487663269043,6.893738,10,,31,0.2,,,12,0,0.1,2,2018,5.3
Akrum Wadley,TEN,RB,96.4163360595703,130.58366394043,6.886881,6.2,,24.8,0.1,,,15.3,0.1,0.1,1.9,2018,5.1
Devante Mays,GB,RB,95.84033203125,131.15966796875,6.845738,6.6,,21.5,0.2,,,9.3,0,0.1,1.7,2018,3.9
Michael Burton,CHI,RB,95.7923355102539,131.207664489746,6.842309,4,,13.2,0.1,,,16.3,0.1,0,2.4,2018,3.8
Ryan Hewitt,CIN,RB,95.6003341674805,131.39966583252,6.828595,0,,0,0,,,26.9,0.1,0,3,2018,3.4
James Develin,NE,RB,95.5043334960938,131.495666503906,6.821738,1,,3,0,,,26.1,0.1,0,3.7,2018,3.2
Shane Smith,NYG,RB,95.3603363037109,131.639663696289,6.811452,5,,16,0.1,,,9,0,0.1,1,2018,2.9
Byron Marshall,WAS,RB,95.2643356323242,131.735664367676,6.804595,4,,11,0,,,20,0,0.2,3,2018,2.7
Matthew Dayes,CLE,RB,95.1683349609375,131.831665039063,6.797738,3.8,,13.2,0.1,,,13.3,0,0.3,1.9,2018,2.5
Taiwan Jones,BUF,RB,95.0723342895508,131.927665710449,6.790881,0.5,,1.3,0,,,20.6,0.1,0.2,2,2018,2.3
Dan Vitale,CLE,RB,95.0723342895508,131.927665710449,6.790881,0.7,,3,0,,,16.9,0,0,2.8,2018,2.3
Marquez Williams,CLE,RB,94.9763336181641,132.023666381836,6.784024,1.1,,5.2,0,,,9.8,0.1,0,1.6,2018,2.1
Raheem Mostert,SF,RB,94.928337097168,132.071662902832,6.780595,15.3,,54.6,0.6,,,14.9,0.1,4.3,2.4,2018,2
Austin Johnson,TB,RB,94.6883316040039,132.311668395996,6.763452,2,,6,0,,,9,0,0,1,2018,1.5
Nick Bawden,DET,RB,94.6403350830078,132.359664916992,6.760024,2,,6,0,,,8,0,0,1,2018,1.4
Derrick Coleman,ARI,RB,94.4003372192383,132.599662780762,6.742881,1,,2,0,,,7,0,0,1,2018,0.9
Joe Kerridge,GB,RB,94.2563323974609,132.743667602539,6.732595,0.4,,1.1,0,,,4.9,0,0,2.3,2018,0.6
Brandon Wilson,CIN,RB,93.9683380126953,133.031661987305,6.712024,0,,0,0,,,0,0,0,0,2018,0
Rob Gronkowski,NE,TE,142.940338134766,5.9661865234375e-02,10.21002,,,1,9.3,,,,,0.2,73.9,2018,164.1
Travis Kelce,KC,TE,127.874336242676,15.1256637573242,9.133882,,,1,6.7,,,,,0.1,82.8,2018,139.8
Zach Ertz,PHI,TE,117.582336425781,25.4176635742188,8.398738,,,849.8,6.5,,,,,0.5,76.5,2018,123.2
Evan Engram,NYG,TE,109.708335876465,33.2916641235352,7.83631,,,776.4,5.5,,,,,0.2,69.5,2018,110.5
Greg Olsen,CAR,TE,109.088333129883,33.9116668701172,7.792024,,,782.3,5.3,,,,,0.2,64.6,2018,109.5
Delanie Walker,TEN,TE,107.414329528809,35.5856704711914,7.672452,,,780.4,5.2,,,,,1.1,68.6,2018,106.8
Jimmy Graham,GB,TE,107.042335510254,35.9576644897461,7.645881,,,652.7,7,,,,,0.5,61.8,2018,106.2
Kyle Rudolph,MIN,TE,103.198333740234,39.8016662597656,7.37131,,,630.8,6.2,,,,,0.2,61.7,2018,100
Jordan Reed,WAS,TE,95.8203353881836,47.1796646118164,6.84431,,,617,4.5,,,,,0.4,60.5,2018,88.1
Jack Doyle,IND,TE,92.2243347167969,50.7756652832031,6.587452,,,570.7,4.6,,,,,1.1,60.8,2018,82.3
Trey Burton,CHI,TE,91.0463333129883,51.9536666870117,6.50331,,,558.6,4.2,,,,,0.3,49.6,2018,80.4
Jared Cook,OAK,TE,89.4963302612305,53.5036697387695,6.392595,,,569.7,3.7,,,,,0.7,47.4,2018,77.9
Tyler Eifert,CIN,TE,89.3723297119141,53.6276702880859,6.383738,,,492.3,4.8,,,,,0.3,44.3,2018,77.7
David Njoku,CLE,TE,89.0623321533203,53.9376678466797,6.361595,,,532.4,4.1,,,,,0.2,45.5,2018,77.2
Cameron Brate,TB,TE,88.5663299560547,54.4336700439453,6.326167,,,524.1,4.1,,,,,0.2,43.9,2018,76.4
Charles Clay,BUF,TE,88.4423294067383,54.5576705932617,6.317309,,,572.6,3.2,,,,,0.2,53.7,2018,76.2
George Kittle,SF,TE,88.1943359375,54.8056640625,6.299595,,,521.1,4,,,,,0.2,45.4,2018,75.8
O.J. Howard,TB,TE,85.2803344726563,57.7196655273438,6.091453,,,505.3,4,,,,,1.7,37.7,2018,71.1
Austin Hooper,ATL,TE,84.4743347167969,58.5256652832031,6.033881,,,487.1,3.6,,,,,0.2,44.2,2018,69.8
Vance McDonald,PIT,TE,83.3583297729492,59.6416702270508,5.954166,,,476.6,3.4,,,,,0.2,39.8,2018,68
Ricky Seals-Jones,ARI,TE,83.1103363037109,59.8896636962891,5.936452,,,448.3,3.9,,,,,0.2,36.3,2018,67.6
Eric Ebron,IND,TE,82.8623352050781,60.1376647949219,5.918738,,,466.9,3.6,,,,,0.4,43.7,2018,67.2
Austin Seferian-Jenkins,JAC,TE,82.2423324584961,60.7576675415039,5.874452,,,474.7,3.3,,,,,0.6,45.2,2018,66.2
Benjamin Watson,NO,TE,82.2423324584961,60.7576675415039,5.874452,,,440.8,3.7,,,,,0.2,43.4,2018,66.2
Mike Gesicki,MIA,TE,76.2903366088867,66.7096633911133,5.44931,,,401.6,2.9,,,,,0.4,38.8,2018,56.6
Hayden Hurst,BAL,TE,73.8723297119141,69.1276702880859,5.276595,,,369.7,2.7,,,,,0.3,37.8,2018,52.7
Vernon Davis,WAS,TE,73.6863327026367,69.3136672973633,5.263309,,,402,2.5,,,,,1.4,32.4,2018,52.4
Luke Willson,DET,TE,71.0823364257813,71.9176635742188,5.07731,,,316.9,2.8,,,,,0.2,31.1,2018,48.2
Virgil Green,LAC,TE,70.3383331298828,72.6616668701172,5.024167,,,329.7,2.4,,,,,0.2,29.7,2018,47
Ed Dickson,SEA,TE,69.8423309326172,73.1576690673828,4.988738,,,327.4,2.3,,,,,0.2,27.4,2018,46.2
Garrett Celek,SF,TE,68.9123306274414,74.0876693725586,4.922309,,,287.7,2.7,,,,,0.3,23.6,2018,44.7
Jesse James,PIT,TE,68.2303314208984,74.7696685791016,4.873595,,,301.2,2.3,,,,,0.2,31.3,2018,43.6
Ryan Griffin,TB,TE,67.1143341064453,75.8856658935547,4.793881,,,312.9,2,,,,,0.7,29.1,2018,41.8
Jake Butt,DEN,TE,66.9283294677734,76.0716705322266,4.780595,,,291.4,2.2,,,,,0.4,27,2018,41.5
Nick Vannett,SEA,TE,66.4943313598633,76.5056686401367,4.749595,,,264.9,2.4,,,,,0.2,25.9,2018,40.8
Tyler Higbee,LAR,TE,66.3703308105469,76.6296691894531,4.740738,,,286.1,2.1,,,,,0.3,26.4,2018,40.6
Blake Jarwin,DAL,TE,66.1223297119141,76.8776702880859,4.723023,,,266.5,2.4,,,,,0.3,26.3,2018,40.2
Tyler Kroft,CIN,TE,65.3163299560547,77.6836700439453,4.665452,,,252.9,2.3,,,,,0.2,25.3,2018,38.9
Jonnu Smith,TEN,TE,64.5103302001953,78.4896697998047,4.607881,,,255.5,2.1,,,,,0.2,25.2,2018,37.6
Gerald Everett,LAR,TE,63.9523315429688,79.0476684570313,4.568024,,,247.8,2.2,,,,,0.7,21.9,2018,36.7
Stephen Anderson,HOU,TE,63.2703323364258,79.7296676635742,4.51931,,,256.5,1.7,,,,,0.2,21.6,2018,35.6
Dallas Goedert,PHI,TE,61.658332824707,81.341667175293,4.404167,,,218.8,1.9,,,,,0.3,20.8,2018,33
"Nick O'Leary",BUF,TE,61.0383338928223,81.9616661071777,4.359881,,,252,1.4,,,,,0.7,20.3,2018,32
Marcedes Lewis,GB,TE,60.6043319702148,82.3956680297852,4.328881,,,179.2,2.3,,,,,0.2,16.5,2018,31.3
Jermaine Gresham,ARI,TE,60.5423316955566,82.4576683044434,4.324452,,,239,1.3,,,,,0.2,24.8,2018,31.2
Adam Shaheen,CHI,TE,59.9223327636719,83.0776672363281,4.280167,,,194.5,1.8,,,,,0.1,17.9,2018,30.2
Mark Andrews,BAL,TE,59.7983322143555,83.2016677856445,4.271309,,,217.9,1.5,,,,,0.2,23.4,2018,30
Jeff Heuerman,DEN,TE,58.6823310852051,84.3176689147949,4.191595,,,201.3,1.4,,,,,0.2,17.6,2018,28.2
Rico Gathers,DAL,TE,58.6203346252441,84.3796653747559,4.187167,,,192.3,1.5,,,,,0,17.9,2018,28.1
Demetrius Harris,KC,TE,56.2023315429688,86.7976684570313,4.014452,,,166.8,1.3,,,,,0.2,15.9,2018,24.2
Jordan Leggett,NYJ,TE,55.892333984375,87.107666015625,3.99231,,,168.9,1.2,,,,,0.3,16.4,2018,23.7
Seth DeValve,CLE,TE,55.8303337097168,87.1696662902832,3.987881,,,156.5,1.4,,,,,0.2,14.3,2018,23.6
Clive Walford,NYJ,TE,55.4583320617676,87.5416679382324,3.961309,,,160.8,1.2,,,,,0.1,16,2018,23
Nick Boyle,BAL,TE,55.0863342285156,87.9136657714844,3.934738,,,160.2,1.1,,,,,0.1,18.8,2018,22.4
Dwayne Allen,NE,TE,54.4663314819336,88.5336685180664,3.890452,,,129.8,1.4,,,,,0,11.7,2018,21.4
Braedon Bowman,LAC,TE,53.8463325500488,89.1536674499512,3.846167,,,137.2,1.2,,,,,0.3,12.4,2018,20.4
Geoff Swaim,DAL,TE,53.6603317260742,89.3396682739258,3.832881,,,129.6,1.3,,,,,0.3,12,2018,20.1
Lance Kendricks,GB,TE,53.3503341674805,89.6496658325195,3.810738,,,132.9,1.1,,,,,0.1,12.7,2018,19.6
Sean Culkin,LAC,TE,52.9783325195313,90.0216674804688,3.784167,,,119.7,1.2,,,,,0.1,10.8,2018,19
Jordan Akins,HOU,TE,52.8543319702148,90.1456680297852,3.775309,,,142.9,0.9,,,,,0.3,14.2,2018,18.8
Chris Herndon IV,NYJ,TE,52.8543319702148,90.1456680297852,3.775309,,,137,1,,,,,0.3,13,2018,18.8
Rhett Ellison,NYG,TE,52.6683311462402,90.3316688537598,3.762024,,,129.4,1,,,,,0.2,14.1,2018,18.5
MarQueis Gray,MIA,TE,52.6683311462402,90.3316688537598,3.762024,,,139.5,0.9,,,,,0.3,14.2,2018,18.5
Austin Traylor,DEN,TE,52.1723327636719,90.8276672363281,3.726595,,,141.3,0.8,,,,,0.5,13.4,2018,17.7
Richard Rodgers,PHI,TE,51.9863319396973,91.0136680603027,3.71331,,,116.7,1,,,,,0.1,10.5,2018,17.4
A.J. Derby,MIA,TE,51.6763343811035,91.3236656188965,3.691167,,,116.4,0.9,,,,,0.2,12.1,2018,16.9
Michael Roberts,DET,TE,51.0563316345215,91.9436683654785,3.646881,,,113.8,0.8,,,,,0.1,10.9,2018,15.9
Ben Koyack,JAC,TE,50.9323310852051,92.0676689147949,3.638024,,,103.8,0.9,,,,,0.1,11.1,2018,15.7
Darren Fells,CLE,TE,50.8703346252441,92.1296653747559,3.633595,,,119.1,0.7,,,,,0.4,11.1,2018,15.6
David Morgan,MIN,TE,50.3123321533203,92.6876678466797,3.593738,,,102.4,0.8,,,,,0.1,10,2018,14.7
Dion Sims,CHI,TE,50.2503318786621,92.7496681213379,3.589309,,,103.6,0.7,,,,,0.1,9.5,2018,14.6
Levine Toilolo,DET,TE,50.0643310546875,92.9356689453125,3.576024,,,102.7,0.7,,,,,0.1,10.1,2018,14.3
Durham Smythe,MIA,TE,49.5063323974609,93.4936676025391,3.536167,,,93.4,0.8,,,,,0.3,9.5,2018,13.4
Will Dissly,SEA,TE,49.3823318481445,93.6176681518555,3.527309,,,94.1,0.7,,,,,0.2,9.5,2018,13.2
Maxx Williams,BAL,TE,48.8863334655762,94.1136665344238,3.491881,,,120.1,0.7,,,,,1.8,14.4,2018,12.4
Niles Paul,JAC,TE,48.7003326416016,94.2996673583984,3.478595,,,82.3,0.7,,,,,0.1,8.7,2018,12.1
Troy Niklas,NE,TE,48.514331817627,94.485668182373,3.465309,,,75.9,0.7,,,,,0.1,7,2018,11.8
Eric Saubert,ATL,TE,48.3903312683105,94.6096687316895,3.456452,,,72.9,0.7,,,,,0,7.1,2018,11.6
"James O'Shaughnessy",JAC,TE,48.3283309936523,94.6716690063477,3.452024,,,73.7,0.7,,,,,0.1,7.2,2018,11.5
Eric Tomlinson,NYJ,TE,48.142333984375,94.857666015625,3.438738,,,77.1,0.6,,,,,0.1,6.7,2018,11.2
Evan Baylis,CAR,TE,47.9563331604004,95.0436668395996,3.425452,,,74.6,0.6,,,,,0,7.2,2018,10.9
Sean McGrath,DET,TE,47.9563331604004,95.0436668395996,3.425452,,,68.2,0.7,,,,,0.1,6,2018,10.9
Ian Thomas,CAR,TE,47.8943328857422,95.1056671142578,3.421024,,,75.9,0.6,,,,,0.2,7,2018,10.8
Erik Swoope,IND,TE,47.6463317871094,95.3536682128906,3.403309,,,80.3,0.4,,,,,0.1,6.6,2018,10.4
Matt Lengel,HOU,TE,47.4603309631348,95.5396690368652,3.390024,,,56.1,0.7,,,,,0,4.8,2018,10.1
Logan Thomas,BUF,TE,47.3363342285156,95.6636657714844,3.381167,,,64.2,0.6,,,,,0.1,6.5,2018,9.9
Dalton Schultz,DAL,TE,47.2123336791992,95.7876663208008,3.372309,,,81.5,0.4,,,,,0.3,7.9,2018,9.7
Tim Wright,KC,TE,47.150333404541,95.849666595459,3.367881,,,58.4,0.6,,,,,0,5.4,2018,9.6
Neal Sterling,NYJ,TE,47.0263328552246,95.9736671447754,3.359024,,,79.1,0.3,,,,,0.1,6.4,2018,9.4
Emanuel Byrd,GB,TE,46.9023323059082,96.0976676940918,3.350167,,,55,0.6,,,,,0,4.9,2018,9.2
Cole Wick,SF,TE,46.468334197998,96.531665802002,3.319167,,,56.4,0.5,,,,,0,5.3,2018,8.5
Cole Hikutini,SF,TE,46.4063339233398,96.5936660766602,3.314738,,,57.3,0.4,,,,,0,4.7,2018,8.4
Jace Amaro,KC,TE,46.2823333740234,96.7176666259766,3.305881,,,53.8,0.5,,,,,0,4.9,2018,8.2
Antony Auclair,TB,TE,45.9103317260742,97.0896682739258,3.27931,,,49.4,0.5,,,,,0.1,4.7,2018,7.6
Derek Carrier,OAK,TE,45.848331451416,97.151668548584,3.274881,,,59.1,0.3,,,,,0.1,7.9,2018,7.5
MyCole Pruitt,HOU,TE,45.7863311767578,97.2136688232422,3.270452,,,54.6,0.3,,,,,0,5.1,2018,7.4
Troy Fumagalli,DEN,TE,45.7863311767578,97.2136688232422,3.270452,,,57.4,0.3,,,,,0.1,5.6,2018,7.4
Jerell Adams,NYG,TE,45.7863311767578,97.2136688232422,3.270452,,,62.1,0.2,,,,,0,5.9,2018,7.4
Henry Krieger Coble,LAR,TE,45.7243347167969,97.2756652832031,3.266024,,,49.1,0.4,,,,,0,4.5,2018,7.3
C.J. Uzomah,CIN,TE,45.6623344421387,97.3376655578613,3.261595,,,64.4,0.2,,,,,0.1,6.8,2018,7.2
Ryan Izzo,MIN,TE,45.6623344421387,97.3376655578613,3.261595,,,48,0.4,,,,,0,5,2018,7.2
Alex Ellis,KC,TE,45.5383338928223,97.4616661071777,3.252738,,,49.5,0.3,,,,,0,4.9,2018,7
Logan Paulsen,ATL,TE,45.5383338928223,97.4616661071777,3.252738,,,48.1,0.4,,,,,0.1,4.8,2018,7
Gavin Escobar,MIA,TE,45.5383338928223,97.4616661071777,3.252738,,,41.5,0.5,,,,,0.1,4,2018,7
Jeremy Sprinkle,WAS,TE,45.4763336181641,97.5236663818359,3.24831,,,47,0.4,,,,,0.1,4.5,2018,6.9
Luke Stocker,TEN,TE,45.4763336181641,97.5236663818359,3.24831,,,40.5,0.5,,,,,0.1,5.1,2018,6.9
Tyler Conklin,NE,TE,45.4763336181641,97.5236663818359,3.24831,,,60.7,0.1,,,,,0,5.3,2018,6.9
Michael Hoomanawanui,NO,TE,45.4143333435059,97.5856666564941,3.243881,,,44.1,0.4,,,,,0.1,4.4,2018,6.8
Hakeem Valles,DET,TE,45.4143333435059,97.5856666564941,3.243881,,,42.3,0.4,,,,,0,4.7,2018,6.8
Alan Cross,TB,TE,45.3523330688477,97.6476669311523,3.239452,,,47.8,0.3,,,,,0,4.3,2018,6.7
Gabe Holmes,ARI,TE,45.3523330688477,97.6476669311523,3.239452,,,46.6,0.3,,,,,0,4.5,2018,6.7
Temarrick Hemingway,LAR,TE,45.2283325195313,97.7716674804688,3.230595,,,44.8,0.4,,,,,0.1,4,2018,6.5
Khari Lee,BUF,TE,45.1043319702148,97.8956680297852,3.221738,,,39,0.4,,,,,0,4.4,2018,6.3
Cethan Carter,CIN,TE,45.0423316955566,97.9576683044434,3.217309,,,43.3,0.3,,,,,0,4,2018,6.2
Brandon Williams,ARI,TE,44.9803314208984,98.0196685791016,3.212881,,,57,0.1,,,,,0.1,6,2018,6.1
Daniel Brown,CHI,TE,44.9183311462402,98.0816688537598,3.208452,,,47.7,0.2,,,,,0.1,4.4,2018,6
Blake Bell,MIN,TE,44.8563346862793,98.1436653137207,3.204024,,,46.3,0.3,,,,,0.1,4.4,2018,5.9
Garrett Griffin,NO,TE,44.8563346862793,98.1436653137207,3.204024,,,38.8,0.3,,,,,0,5.1,2018,5.9
Jordan Thomas,HOU,TE,44.7943344116211,98.2056655883789,3.199595,,,40,0.3,,,,,0,4,2018,5.8
Xavier Grimble,PIT,TE,44.6083335876465,98.3916664123535,3.18631,,,41,0.3,,,,,0.1,4.5,2018,5.5
Mason Schreck,CIN,TE,44.4843330383301,98.5156669616699,3.177452,,,35,0.3,,,,,0,4,2018,5.3
Bucky Hodges,NYJ,TE,44.4223327636719,98.5776672363281,3.173024,,,34,0.3,,,,,0,4,2018,5.2
Phillip Supernaw,TEN,TE,44.4223327636719,98.5776672363281,3.173024,,,36.7,0.3,,,,,0.1,3.5,2018,5.2
Ben Braunecker,CHI,TE,44.3603324890137,98.6396675109863,3.168595,,,37.4,0.3,,,,,0.1,3.5,2018,5.1
Chris Manhertz,CAR,TE,44.2983322143555,98.7016677856445,3.164167,,,37.8,0.2,,,,,0,4.2,2018,5
Will Tye,NE,TE,44.0503311157227,98.9496688842773,3.146452,,,37.1,0.2,,,,,0,4.6,2018,4.6
Ross Travis,IND,TE,43.6783332824707,99.3216667175293,3.119881,,,33.1,0.1,,,,,0.1,3.1,2018,4
Darrell Daniels,IND,TE,43.4923324584961,99.5076675415039,3.106595,,,28.7,0.2,,,,,0.1,3.2,2018,3.7
Jacob Hollister,NE,TE,43.3683319091797,99.6316680908203,3.097738,,,24.5,0.2,,,,,0.1,2.7,2018,3.5
Ryan Hewitt,CIN,TE,42.2523345947266,100.747665405273,3.018024,,,19,0,,,,,0.1,2,2018,1.7
Hunter Henry,LAC,TE,41.1983337402344,101.801666259766,2.942738,,,0,0,,,,,0,0,2018,0
Antonio Brown,PIT,WR,170.799331665039,0.200668334960938,12.19995,0.2,,1.1,0,,,"1,477.50",10,0.1,105.5,2018,207.9
DeAndre Hopkins,HOU,WR,163.113327026367,7.88667297363281,11.65095,0,,0,0,,,"1,312.70",9.9,0.6,92.4,2018,189.6
Julio Jones,ATL,WR,161.517333984375,9.482666015625,11.53695,0.9,,6.4,0,,,"1,453.40",6.7,0.2,94,2018,185.8
Odell Beckham Jr.,NYG,WR,156.981338500977,14.0186614990234,11.21295,2.3,,14.1,0,,,"1,256.80",8.1,0.5,96.4,2018,175
Keenan Allen,LAC,WR,153.915328979492,17.0846710205078,10.99395,1,,5.2,0,,,"1,256.80",7,0.2,96.2,2018,167.7
Michael Thomas,NO,WR,153.705337524414,17.2946624755859,10.97895,0.3,,1,0,,,"1,236.50",7.3,0.2,99.4,2018,167.2
Davante Adams,GB,WR,151.479339599609,19.5206604003906,10.81995,0,,0,0,,,"1,070.60",9.2,0.2,84.8,2018,161.9
A.J. Green,CIN,WR,151.269332885742,19.7306671142578,10.80495,0,,0,0,,,"1,182.20",7.6,1.2,85,2018,161.4
Mike Evans,TB,WR,148.917327880859,22.0826721191406,10.63695,0,,0,0,,,"1,134.70",7.1,0.2,80.8,2018,155.8
Doug Baldwin,SEA,WR,148.413330078125,22.586669921875,10.60095,1.8,,7.9,0,,,"1,091.80",7.5,0.2,84.1,2018,154.6
Tyreek Hill,KC,WR,146.103332519531,24.8966674804688,10.43595,15.5,,93.5,0.9,,,990,6,0.3,75.7,2018,149.1
T.Y. Hilton,IND,WR,146.061340332031,24.9386596679688,10.43295,0,,0,0,,,"1,107.50",6.6,0.7,72.1,2018,149
Adam Thielen,MIN,WR,144.087326049805,26.9126739501953,10.29195,1.3,,6.8,0,,,"1,115.50",5.8,1.3,82.8,2018,144.3
Stefon Diggs,MIN,WR,143.121337890625,27.878662109375,10.22295,5.5,,29.6,0.1,,,995.9,6.5,0.2,77,2018,142
Amari Cooper,OAK,WR,143.079330444336,27.9206695556641,10.21995,1,,6,0,,,"1,032.20",6.4,0.2,77.5,2018,141.9
JuJu Smith-Schuster,PIT,WR,141.273330688477,29.7266693115234,10.09095,0.3,,1.3,0,,,949.7,7.1,0.1,68.9,2018,137.6
Demaryius Thomas,DEN,WR,141.147338867188,29.8526611328125,10.08195,0,,0,0,,,"1,032.00",6,0.9,85.9,2018,137.3
Alshon Jeffery,PHI,WR,140.517333984375,30.482666015625,10.03695,0,,0,0,,,910.6,7.5,0.2,64,2018,135.8
Josh Gordon,CLE,WR,139.971328735352,31.0286712646484,9.997952,0.5,,2.9,0,,,983.8,6.1,0.3,66.6,2018,134.5
Allen Robinson,CHI,WR,138.921340942383,32.0786590576172,9.922953,0.3,,1,0,,,966.7,5.9,0.2,69.4,2018,132
Golden Tate,DET,WR,138.585327148438,32.4146728515625,9.898952,4.6,,21.9,0,,,989.4,5.2,0.8,89.9,2018,131.2
Larry Fitzgerald,ARI,WR,138.123336791992,32.8766632080078,9.865952,0.1,,0.2,0,,,991.7,5.4,0.8,96.7,2018,130.1
Marvin Jones,DET,WR,137.409332275391,33.5906677246094,9.814952,0,,-0.1,0,,,908.7,6.3,0.3,59.8,2018,128.4
Brandin Cooks,LAR,WR,136.863327026367,34.1366729736328,9.775952,6.6,,37.8,0.4,,,866.6,5.9,0.4,59.2,2018,127.1
Devin Funchess,CAR,WR,134.343338012695,36.6566619873047,9.595953,0,,-0.1,0,,,848,6.1,0.2,59.5,2018,121.1
Michael Crabtree,BAL,WR,134.259338378906,36.7406616210938,9.589952,0,,0.1,0,,,843.1,6.1,0.1,76.1,2018,120.9
Chris Hogan,NE,WR,133.461334228516,37.5386657714844,9.532952,2.2,,13.7,0.1,,,807.2,6.2,0.2,56.9,2018,119
Pierre Garcon,SF,WR,132.20133972168,38.7986602783203,9.442953,0.1,,0.3,0,,,927.3,4,0.4,72.9,2018,116
Sammy Watkins,KC,WR,132.159332275391,38.8406677246094,9.439952,0.3,,1.2,0,,,826.5,5.6,0.1,58,2018,115.9
Emmanuel Sanders,DEN,WR,132.159332275391,38.8406677246094,9.439952,0.1,,4,0,,,886.2,4.5,0.2,69.7,2018,115.9
Robby Anderson,NYJ,WR,131.529327392578,39.4706726074219,9.394952,2.7,,15.8,0,,,824,5.1,0.3,60.2,2018,114.4
Randall Cobb,GB,WR,130.857330322266,40.1426696777344,9.346952,7.5,,40.9,0.1,,,758.5,5.4,0.2,73.2,2018,112.8
Robert Woods,LAR,WR,130.647338867188,40.3526611328125,9.331953,1.9,,12.1,0,,,828.1,4.9,0.8,63.1,2018,112.3
Cooper Kupp,LAR,WR,130.227340698242,40.7726593017578,9.301953,0,,0,0,,,816.5,5.2,0.7,63.1,2018,111.3
Rishard Matthews,TEN,WR,130.017333984375,40.982666015625,9.286952,0.4,,1.2,0,,,816,4.9,0.2,57,2018,110.8
Marquise Goodwin,SF,WR,129.723327636719,41.2766723632813,9.265952,3.5,,25.1,0,,,810.3,4.5,0.2,53.2,2018,110.1
Jarvis Landry,CLE,WR,129.681335449219,41.3186645507813,9.262953,0.9,,4.5,0,,,859.7,4.5,1.8,83,2018,110
Marqise Lee,JAC,WR,128.001327514648,42.9986724853516,9.142952,1.9,,11.1,0,,,784.1,4.5,0.2,59.7,2018,106
Devante Parker,MIA,WR,127.833335876465,43.1666641235352,9.130953,0,,0.1,0,,,798.8,4.4,0.2,64.2,2018,105.6
Kenny Stills,MIA,WR,127.665336608887,43.3346633911133,9.118953,0,,0,0,,,800.2,4.6,1.2,53.9,2018,105.2
Nelson Agholor,PHI,WR,126.405334472656,44.5946655273438,9.028953,2.7,,17,0.1,,,696.1,5.2,0.2,58.7,2018,102.2
Will Fuller,HOU,WR,126.321334838867,44.6786651611328,9.022952,2.2,,11.3,0,,,689,5.4,0.2,48.6,2018,102
Jamison Crowder,WAS,WR,125.901336669922,45.0986633300781,8.992952,3.9,,18.9,0.1,,,779.1,4.1,2,67.2,2018,101
Kelvin Benjamin,BUF,WR,125.859336853027,45.1406631469727,8.989953,0,,0,0,,,749.1,4.4,0.3,54.3,2018,100.9
Jordy Nelson,OAK,WR,125.859336853027,45.1406631469727,8.989953,0,,0.1,0,,,712.1,5.1,0.4,64.9,2018,100.9
Corey Davis,TEN,WR,125.691337585449,45.3086624145508,8.977953,0,,0,0,,,759.2,4.6,1.4,63.9,2018,100.5
DeSean Jackson,TB,WR,125.355331420898,45.6446685791016,8.953952,2.8,,19,0,,,748.6,3.9,0.2,52,2018,99.7
Sterling Shepard,NYG,WR,124.599334716797,46.4006652832031,8.899953,2.2,,10.8,0,,,725,4.1,0.2,60.9,2018,97.9
Tyrell Williams,LAC,WR,123.633331298828,47.3666687011719,8.830953,0,,0,0,,,699.1,4.5,0.7,46,2018,95.6
Ted Ginn,NO,WR,123.423332214355,47.5766677856445,8.815952,4.6,,30.4,0.1,,,680.8,4.1,0.4,48.7,2018,95.1
Mohamed Sanu,ATL,WR,122.793334960938,48.2066650390625,8.770952,2.2,,10.4,0,,,678.8,4.2,0.2,61.5,2018,93.6
Julian Edelman,NE,WR,122.751335144043,48.248664855957,8.767953,3.4,,20.5,0,,,688.4,4,0.7,60.1,2018,93.5
Josh Doctson,WAS,WR,122.247337341309,48.7526626586914,8.731953,0.5,,2.4,0,,,639.8,4.8,0.3,45.5,2018,92.3
Kenny Golladay,DET,WR,122.037330627441,48.9626693725586,8.716952,0.5,,2.9,0,,,666,4.2,0.2,43.4,2018,91.8
Allen Hurns,DAL,WR,121.911331176758,49.0886688232422,8.707952,0,,0,0,,,685.8,3.9,0.2,53.6,2018,91.5
Tyler Lockett,SEA,WR,121.407333374023,49.5926666259766,8.671952,7.5,,51.8,0.3,,,621.8,3.6,0.2,48.3,2018,90.3
Martavis Bryant,OAK,WR,118.593330383301,52.4066696166992,8.470952,2,,12.2,0,,,605,3.7,0.2,45.2,2018,83.6
Calvin Ridley,ATL,WR,117.501335144043,53.498664855957,8.392953,0.3,,1,0,,,587.3,3.8,0.3,45.2,2018,81
Paul Richardson,WAS,WR,116.787330627441,54.2126693725586,8.341952,0.1,,0.2,0,,,604.5,3.2,0.3,41.8,2018,79.3
Mike Wallace,PHI,WR,115.863334655762,55.1366653442383,8.275952,0.5,,2.5,0,,,552.1,3.7,0.2,38.2,2018,77.1
Jordan Matthews,NE,WR,114.68733215332,56.3126678466797,8.191953,0,,0,0,,,543.4,3.6,0.9,45.3,2018,74.3
Terrance Williams,DAL,WR,114.603332519531,56.3966674804688,8.185952,1.2,,6.4,0,,,561.8,3,0.3,46.3,2018,74.1
D.J. Moore,CAR,WR,114.30933380127,56.6906661987305,8.164952,0.3,,1.5,0,,,533.8,3.4,0.3,40.6,2018,73.4
Danny Amendola,MIA,WR,114.30933380127,56.6906661987305,8.164952,0.9,,5.6,0,,,578.2,2.6,0.3,53.2,2018,73.4
Quincy Enunwa,NYJ,WR,113.679336547852,57.3206634521484,8.119952,0.1,,0.5,0,,,537,3.1,0.2,40.8,2018,71.9
Jermaine Kearse,NYJ,WR,113.637336730957,57.362663269043,8.116953,0,,0,0,,,545.2,2.9,0.2,44.1,2018,71.8
Dede Westbrook,JAC,WR,113.259330749512,57.7406692504883,8.089952,0,,0,0,,,532.8,3,0.2,40.9,2018,70.9
Travis Benjamin,LAC,WR,112.797332763672,58.2026672363281,8.056952,5.8,,37.2,0.1,,,492.6,3,0.7,32.4,2018,69.8
Cameron Meredith,NO,WR,112.797332763672,58.2026672363281,8.056952,0,,0.1,0,,,530.3,3.3,1.5,41.9,2018,69.8
John Brown,BAL,WR,112.377334594727,58.6226654052734,8.026953,1.2,,5.4,0,,,506.2,3,0.1,38.1,2018,68.8
Brandon LaFell,CIN,WR,112.04133605957,58.9586639404297,8.002953,0.1,,0.1,0,,,507.9,2.9,0.2,45.2,2018,68
Mike Williams,LAC,WR,111.537330627441,59.4626693725586,7.966952,0,,0,0,,,477.4,3.3,0.2,37.5,2018,66.8
J.J. Nelson,ARI,WR,111.117332458496,59.8826675415039,7.936952,2.1,,13.4,0,,,509.4,2.5,0.9,34,2018,65.8
Zay Jones,BUF,WR,110.865333557129,60.1346664428711,7.918952,0.1,,0.3,0,,,489.2,2.8,0.2,38.7,2018,65.2
Ryan Grant,IND,WR,110.865333557129,60.1346664428711,7.918952,0,,0,0,,,459.8,3.3,0.2,36.9,2018,65.2
Donte Moncrief,JAC,WR,110.823333740234,60.1766662597656,7.915952,0.1,,0.7,0,,,436.7,3.6,0.2,32.2,2018,65.1
Michael Gallup,DAL,WR,109.941337585449,61.0586624145508,7.852952,0,,0,0,,,455.8,3,0.3,34.6,2018,63
Albert Wilson,MIA,WR,109.773330688477,61.2266693115234,7.840952,1.2,,7.2,0,,,475,2.4,0.2,39.7,2018,62.6
Terrelle Pryor,NYJ,WR,109.43733215332,61.5626678466797,7.816952,0.7,,4.9,0,,,472.6,2.4,0.2,37.8,2018,61.8
Anthony Miller,CHI,WR,109.101333618164,61.8986663818359,7.792953,0,,0,0,,,472.1,2.4,0.4,36.3,2018,61
Keelan Cole,JAC,WR,108.681335449219,62.3186645507813,7.762952,0,,-0.1,0,,,446.2,2.8,0.7,28.6,2018,60
Geronimo Allison,GB,WR,108.13533782959,62.8646621704102,7.723953,0,,0,0,,,426.2,3.1,1.1,34.8,2018,58.7
Chris Godwin,TB,WR,108.009330749512,62.9906692504883,7.714952,0,,0,0,,,456.9,2.2,0.2,32.9,2018,58.4
Christian Kirk,ARI,WR,107.673332214355,63.3266677856445,7.690952,0.3,,1,0,,,444,2.3,0.3,36,2018,57.6
Cole Beasley,DAL,WR,107.169334411621,63.8306655883789,7.654953,0.1,,0.2,0,,,413.3,2.6,0.2,40.7,2018,56.4
Willie Snead,BAL,WR,107.169334411621,63.8306655883789,7.654953,0,,0,0,,,447.5,2.1,0.5,38.4,2018,56.4
Brandon Marshall,SEA,WR,107.043334960938,63.9566650390625,7.645953,0,,0.3,0,,,391.1,2.8,0.1,31.4,2018,56.1
Chester Rogers,IND,WR,106.875335693359,64.1246643066406,7.633953,1.7,,8.3,0,,,413.8,2.3,0.2,31.5,2018,55.7
Adam Humphries,TB,WR,106.287338256836,64.7126617431641,7.591953,0.9,,5.2,0,,,446.1,1.7,0.5,42.4,2018,54.3
Corey Coleman,CLE,WR,106.077331542969,64.9226684570313,7.576952,0.1,,0.2,0,,,394.9,2.4,0.2,29.2,2018,53.8
Trent Taylor,SF,WR,105.909332275391,65.0906677246094,7.564952,0,,0,0,,,418.5,2.3,1.2,36.8,2018,53.4
Courtland Sutton,DEN,WR,105.405334472656,65.5946655273438,7.528953,0,,0,0,,,392.6,2.3,0.4,30.5,2018,52.2
Jaron Brown,SEA,WR,104.859336853027,66.1406631469727,7.489953,0,,0,0,,,349.7,2.7,0.2,24.8,2018,50.9
James Washington,PIT,WR,104.775337219238,66.2246627807617,7.483953,0,,0,0,,,369.6,2.4,0.3,27.7,2018,50.7
John Ross,CIN,WR,104.733337402344,66.2666625976563,7.480953,2.6,,16.9,0.1,,,376.1,2,0.6,29.2,2018,50.6
Kendall Wright,MIN,WR,104.355331420898,66.6446685791016,7.453952,0,,0,0,,,394.4,1.8,0.2,35.2,2018,49.7
Taylor Gabriel,CHI,WR,104.145332336426,66.8546676635742,7.438952,1.8,,10.8,0,,,369.8,1.9,0.2,30.2,2018,49.2
Taywan Taylor,TEN,WR,102.759338378906,68.2406616210938,7.339953,3.3,,18.5,0.1,,,359.7,1.3,0.2,26.4,2018,45.9
"Tre'Quan Smith",NO,WR,101.289337158203,69.7106628417969,7.234952,0,,0,0,,,324.5,1.9,0.6,25.5,2018,42.4
Brice Butler,ARI,WR,101.247337341309,69.7526626586914,7.231953,0,,0,0,,,315.1,1.9,0.2,21,2018,42.3
Curtis Samuel,CAR,WR,101.16333770752,69.8366622924805,7.225953,6,,36.2,0.1,,,288.1,1.6,0.2,26.4,2018,42.1
Torrey Smith,CAR,WR,100.827331542969,70.1726684570313,7.201952,0.4,,1.2,0,,,310.2,1.8,0.2,24.2,2018,41.3
TJ Jones,DET,WR,100.491333007813,70.5086669921875,7.177952,0,,0,0,,,312.2,1.6,0.2,23.8,2018,40.5
Seth Roberts,OAK,WR,99.5673370361328,71.4326629638672,7.111953,0,,0,0,,,308.7,1.6,1.2,29.6,2018,38.3
Malcolm Mitchell,NE,WR,99.5673370361328,71.4326629638672,7.111953,0,,0,0,,,270.3,2,0.3,21.3,2018,38.3
Dante Pettis,SF,WR,99.5253372192383,71.4746627807617,7.108953,0,,0,0,,,291.1,1.6,0.4,22.3,2018,38.2
Laquon Treadwell,MIN,WR,98.7693328857422,72.2306671142578,7.054952,0,,0,0,,,272.5,1.6,0.3,23.5,2018,36.4
Keke Coutee,HOU,WR,98.7273330688477,72.2726669311523,7.051952,0,,0,0,,,278.1,1.5,0.4,21.6,2018,36.3
Chad Williams,ARI,WR,98.6013336181641,72.3986663818359,7.042953,0.8,,4.1,0,,,282,1.4,0.4,23.5,2018,36
Tavon Austin,DAL,WR,98.0973358154297,72.9026641845703,7.006953,24.3,,137.8,0.8,,,179.8,0.6,2.7,19.9,2018,34.8
Bruce Ellington,HOU,WR,97.6773376464844,73.3226623535156,6.976953,0.7,,3.6,0,,,275.4,1.1,0.4,23.9,2018,33.8
Jeremy Kerley,BUF,WR,97.2993316650391,73.7006683349609,6.949952,0,,0,0,,,282.6,1.1,1,26.1,2018,32.9
D.J. Chark,JAC,WR,97.21533203125,73.78466796875,6.943952,0,,0,0,,,256.1,1.3,0.3,19.1,2018,32.7
Chris Conley,KC,WR,97.1313323974609,73.8686676025391,6.937953,0,,0,0,,,255.4,1.2,0.1,20.5,2018,32.5
Cody Latimer,NYG,WR,96.8793334960938,74.1206665039063,6.919952,0,,0,0,,,258.9,1.1,0.3,20.6,2018,31.9
Andre Holmes,BUF,WR,96.6273345947266,74.3726654052734,6.901952,0,,0,0,,,217.4,1.7,0.2,18.7,2018,31.3
Justin Hardy,ATL,WR,96.585334777832,74.414665222168,6.898952,0.1,,0.8,0,,,223.5,1.5,0.3,17.8,2018,31.2
Mack Hollins,PHI,WR,96.4593353271484,74.5406646728516,6.889953,0,,0,0,,,225.6,1.5,0.4,17.1,2018,30.9
Brandon Coleman,NO,WR,96.1653366088867,74.8346633911133,6.868953,0,,0,0,,,217.5,1.6,0.6,16.4,2018,30.2
Aldrick Robinson,SF,WR,95.871337890625,75.128662109375,6.847953,0,,0,0,,,247.6,0.9,0.4,18.5,2018,29.5
Antonio Callaway,CLE,WR,95.2413330078125,75.7586669921875,6.802952,0,,0,0,,,248,0.8,0.8,19,2018,28
"J'Mon Moore",GB,WR,95.1153335571289,75.8846664428711,6.793952,0,,0,0,,,203.6,1.3,0.3,15.7,2018,27.7
Braxton Miller,HOU,WR,94.8633346557617,76.1366653442383,6.775952,1.1,,7.6,0.1,,,195.5,1.2,0.3,18.9,2018,27.1
Roger Lewis,NYG,WR,94.4013366699219,76.5986633300781,6.742953,0,,0,0,,,201.6,1.1,0.2,16.7,2018,26
Carlos Henderson,DEN,WR,94.1493377685547,76.8506622314453,6.724953,0,,0,0,,,196.3,1,0.1,15.7,2018,25.4
Kevin White,CHI,WR,94.1073379516602,76.8926620483398,6.721953,0.1,,-0.3,0,,,217.8,0.7,0.4,20.2,2018,25.3
Cordarrelle Patterson,NE,WR,93.897331237793,77.102668762207,6.706952,10.3,,78.2,0.6,,,107.8,0.5,0.1,10.5,2018,24.8
Bennie Fowler,CHI,WR,93.4773330688477,77.5226669311523,6.676952,0,,0,0,,,176.1,1.1,0.3,13.3,2018,23.8
Kenny Britt,NE,WR,93.267333984375,77.732666015625,6.661952,0,,0,0,,,163.1,1.2,0.2,12,2018,23.3
Phillip Dorsett,NE,WR,93.0573348999023,77.9426651000977,6.646953,0.6,,3.5,0,,,168.7,0.9,0,12.5,2018,22.8
Tyler Boyd,CIN,WR,93.0153350830078,77.9846649169922,6.643952,0.2,,1.9,0,,,182.6,0.9,0.5,16.2,2018,22.7
Deonte Thompson,DAL,WR,92.9733352661133,78.0266647338867,6.640953,0.5,,2.8,0,,,182,0.7,0.1,13.1,2018,22.6
Josh Reynolds,LAR,WR,92.9313354492188,78.0686645507813,6.637952,1.6,,9.6,0.1,,,150.5,1.1,0.3,12.4,2018,22.5
Chris Moore,BAL,WR,92.8473358154297,78.1526641845703,6.631953,1.4,,7.8,0,,,156.7,1,0.1,13.4,2018,22.3
DaeSean Hamilton,DEN,WR,92.6793365478516,78.3206634521484,6.619953,0,,0,0,,,177.5,1,0.8,14.5,2018,21.9
Deon Cain,IND,WR,92.637336730957,78.362663269043,6.616952,0,,0,0,,,154.6,1.1,0,11.7,2018,21.8
Russell Shepard,NYG,WR,92.4273376464844,78.5726623535156,6.601953,0.5,,0.5,0,,,179.2,0.6,0,13.2,2018,21.3
Breshad Perriman,BAL,WR,92.0913314819336,78.9086685180664,6.577952,0.1,,0.6,0,,,158.4,0.8,0.2,13.4,2018,20.5
Demarcus Robinson,KC,WR,91.9233322143555,79.0766677856445,6.565952,0,,0.2,0,,,153.6,0.8,0,13.4,2018,20.1
Brian Quick,WAS,WR,91.5873336791992,79.4126663208008,6.541953,0,,0,0,,,170,0.6,0.5,12.8,2018,19.3
Jakeem Grant,MIA,WR,91.4613342285156,79.5386657714844,6.532952,1.3,,5.6,0,,,155.5,0.9,1.2,11.5,2018,19
ArDarius Stewart,NYJ,WR,91.2093353271484,79.7906646728516,6.514953,1,,4.5,0,,,145.5,0.6,0.1,11.4,2018,18.4
Jordan Lasley,BAL,WR,90.5373382568359,80.4626617431641,6.466953,0,,0,0,,,131,0.8,0.4,11.5,2018,16.8
DeAngelo Yancey,GB,WR,90.4953384399414,80.5046615600586,6.463953,0,,0,0,,,167,0,0,12,2018,16.7
Josh Bellamy,CHI,WR,89.949333190918,81.050666809082,6.424953,0.4,,2.3,0,,,117.7,0.6,0.1,8.9,2018,15.4
Tajae Sharpe,TEN,WR,89.9073333740234,81.0926666259766,6.421952,0,,0.1,0,,,121.5,0.6,0.1,9.6,2018,15.3
Amara Darboh,SEA,WR,89.8233337402344,81.1766662597656,6.415952,0,,0,0,,,115,0.6,0.1,9.7,2018,15.1
Daurice Fountain,IND,WR,89.6553344726563,81.3446655273438,6.403953,0,,0,0,,,103.3,0.7,0,8,2018,14.7
Pharoh Cooper,LAR,WR,89.4873352050781,81.5126647949219,6.391953,0.3,,4.4,0,,,146.7,0.7,2.7,12.8,2018,14.3
Isaiah McKenzie,DEN,WR,89.3613357543945,81.6386642456055,6.382953,0.6,,1.7,0,,,110.2,0.5,0,8.8,2018,14
Darrius Heyward-Bey,PIT,WR,89.1513366699219,81.8486633300781,6.367953,0.6,,3.6,0,,,108.1,0.4,0.1,7.5,2018,13.5
Tavarres King,MIN,WR,88.9833374023438,82.0166625976563,6.355953,0.4,,1,0,,,98.5,0.6,0.1,7,2018,13.1
Rashard Higgins,CLE,WR,88.5633316040039,82.4366683959961,6.325952,0,,0,0,,,87.6,0.7,0.3,7.6,2018,12.1
Jordan Taylor,DEN,WR,88.5633316040039,82.4366683959961,6.325952,0,,0,0,,,96,0.5,0.1,7.7,2018,12.1
Hunter Sharp,NYG,WR,88.4793319702148,82.5206680297852,6.319952,0.1,,-0.1,0,,,68.1,0.9,0.1,6,2018,11.9
Travis Rudolph,NYG,WR,88.4373321533203,82.5626678466797,6.316952,0,,0,0,,,96.3,0.4,0.1,7.7,2018,11.8
Jaleel Scott,BAL,WR,88.3953323364258,82.6046676635742,6.313952,0,,0,0,,,107,0.3,0.4,9.5,2018,11.7
Damiere Byrd,CAR,WR,88.3533325195313,82.6466674804688,6.310952,0,,0,0,,,90.5,0.5,0.1,7.2,2018,11.6
Bobo Wilson,TB,WR,88.1853332519531,82.8146667480469,6.298953,0.2,,0.1,0,,,82.9,0.5,0,6.2,2018,11.2
Rod Streater,BUF,WR,88.1013336181641,82.8986663818359,6.292953,0,,0,0,,,83.8,0.4,0,6.5,2018,11
Marquess Wilson,PHI,WR,88.0593338012695,82.9406661987305,6.289952,0,,0,0,,,73.1,0.6,0,5.7,2018,10.9
Chad Hansen,NYJ,WR,87.8913345336914,83.1086654663086,6.277953,0,,0,0,,,85.1,0.4,0.1,6.7,2018,10.5
Michael Campanaro,TEN,WR,87.8073348999023,83.1926651000977,6.271953,0.8,,4,0,,,78.3,0.4,0.1,6.5,2018,10.3
Johnny Holton,OAK,WR,87.8073348999023,83.1926651000977,6.271953,0,,0.4,0,,,83.9,0.5,0.7,5.4,2018,10.3
Justin Hunter,PIT,WR,87.7233352661133,83.2766647338867,6.265953,0,,0.4,0,,,52.5,0.8,0.1,3.9,2018,10.1
Sammie Coates,HOU,WR,87.7233352661133,83.2766647338867,6.265953,0.1,,0.8,0,,,80.5,0.4,0.1,4.8,2018,10.1
Matt Slater,NE,WR,87.7233352661133,83.2766647338867,6.265953,0.1,,-0.1,0,,,63.4,0.6,0,4.9,2018,10.1
Jordan Leslie,DEN,WR,87.6813354492188,83.3186645507813,6.262952,0,,0,0,,,70.9,0.5,0,5.2,2018,10
DeAndre Smelter,JAC,WR,87.6813354492188,83.3186645507813,6.262952,0,,0,0,,,72.3,0.5,0,5.6,2018,10
James Wright,IND,WR,87.6393356323242,83.3606643676758,6.259953,0,,0,0,,,74,0.4,0,6.2,2018,9.9
Darius Jennings,TEN,WR,87.5973358154297,83.4026641845703,6.256953,0,,0,0,,,71,0.5,0,5.9,2018,9.8
Ryan Switzer,OAK,WR,87.5973358154297,83.4026641845703,6.256953,0.3,,1.4,0,,,84.1,0.3,0.3,7.4,2018,9.8
Lucky Whitehead,NYJ,WR,87.4293365478516,83.5706634521484,6.244953,0.4,,2.9,0,,,67.4,0.4,0,5.9,2018,9.4
Braxton Berrios,NE,WR,87.4293365478516,83.5706634521484,6.244953,0,,0,0,,,70,0.4,0,5,2018,9.4
Jake Lampman,TB,WR,87.4293365478516,83.5706634521484,6.244953,0,,0,0,,,72.1,0.4,0,5.7,2018,9.4
Kendrick Bourne,SF,WR,87.3453369140625,83.6546630859375,6.238953,0,,0,0,,,88.4,0.1,0.1,6.6,2018,9.2
Seantavius Jones,IND,WR,87.3453369140625,83.6546630859375,6.238953,0,,0,0,,,67.5,0.4,0,5.5,2018,9.2
Cody Core,CIN,WR,87.303337097168,83.696662902832,6.235953,0,,0,0,,,86.6,0.1,0.1,8.4,2018,9.1
Kasen Williams,IND,WR,87.303337097168,83.696662902832,6.235953,0,,0,0,,,79,0.2,0,7,2018,9.1
Leonte Carroo,MIA,WR,87.303337097168,83.696662902832,6.235953,0,,0,0,,,82.8,0.2,0.1,7.1,2018,9.1
DeVier Posey,BAL,WR,87.303337097168,83.696662902832,6.235953,0,,0,0,,,68,0.4,0,5.4,2018,9.1
Geremy Davis,LAC,WR,87.2613372802734,83.7386627197266,6.232953,0,,0,0,,,64.2,0.4,0,4.7,2018,9
Jace Billingsley,DET,WR,87.1773376464844,83.8226623535156,6.226953,0,,0,0,,,70.9,0.3,0,5.5,2018,8.8
Byron Marshall,WAS,WR,87.1773376464844,83.8226623535156,6.226953,0,,0,0,,,67.1,0.4,0,5.5,2018,8.8
Dylan Cantrell,LAC,WR,87.1773376464844,83.8226623535156,6.226953,0,,0,0,,,64,0.4,0,4,2018,8.8
Austin Carr,NO,WR,87.1773376464844,83.8226623535156,6.226953,0,,0,0,,,66,0.4,0.1,5,2018,8.8
Marquez Valdes-Scantling,GB,WR,87.1773376464844,83.8226623535156,6.226953,0,,0,0,,,58,0.5,0,5,2018,8.8
Equanimeous St. Brown,GB,WR,87.1773376464844,83.8226623535156,6.226953,0,,0,0,,,58,0.5,0,5,2018,8.8
Jaydon Mickens,JAC,WR,87.1353378295898,83.8646621704102,6.223953,0,,0,0,,,51.1,0.8,0.7,4,2018,8.7
Daniel Braverman,KC,WR,87.1353378295898,83.8646621704102,6.223953,0,,0,0,,,57.5,0.5,0,5,2018,8.7
Marlon Brown,CHI,WR,87.0933380126953,83.9066619873047,6.220953,0,,0,0,,,68.3,0.3,0,5.5,2018,8.6
Richie James,SF,WR,87.0513381958008,83.9486618041992,6.217953,0,,0,0,,,69,0.3,0.1,5,2018,8.5
Rashad Greene,JAC,WR,87.0513381958008,83.9486618041992,6.217953,0,,0,0,,,66.4,0.3,0,5.9,2018,8.5
Rashad Ross,ARI,WR,87.0093383789063,83.9906616210938,6.214953,0,,0,0,,,69.7,0.2,0,5.8,2018,8.4
Alex Erickson,CIN,WR,86.9253387451172,84.0746612548828,6.208953,0.1,,0.4,0,,,77.5,0.2,0.4,6.1,2018,8.2
DeAndrew White,HOU,WR,86.8833389282227,84.1166610717773,6.205953,0,,0,0,,,64.7,0.3,0.1,4.4,2018,8.1
Jarius Wright,CAR,WR,86.8833389282227,84.1166610717773,6.205953,0,,0,0,,,63.5,0.3,0.1,5.5,2018,8.1
Kenny Bell,DEN,WR,86.8413314819336,84.1586685180664,6.202952,0,,0,0,,,65.3,0.3,0,5.3,2018,8
Justin Watson,TB,WR,86.8413314819336,84.1586685180664,6.202952,0,,0,0,,,64,0.3,0.1,5,2018,8
Reggie Davis,ATL,WR,86.8413314819336,84.1586685180664,6.202952,0,,0,0,,,62,0.3,0,4,2018,8
Russell Gage,ATL,WR,86.8413314819336,84.1586685180664,6.202952,0,,0,0,,,62,0.3,0,4,2018,8
Trey Quinn,WAS,WR,86.8413314819336,84.1586685180664,6.202952,0,,0,0,,,64,0.3,0.1,5,2018,8
Charone Peake,NYJ,WR,86.8413314819336,84.1586685180664,6.202952,0,,0.1,0,,,65.4,0.3,0.1,6.7,2018,8
Maurice Harris,WAS,WR,86.7993316650391,84.2006683349609,6.199952,0,,0,0,,,63.4,0.3,0.1,4.8,2018,7.9
Nick Williams,TEN,WR,86.7993316650391,84.2006683349609,6.199952,0,,0,0,,,69,0.2,0.1,6,2018,7.9
Andy Jones,DET,WR,86.7993316650391,84.2006683349609,6.199952,0,,0,0,,,62.9,0.3,0.1,4.8,2018,7.9
Marquis Bundy,NYG,WR,86.7573318481445,84.2426681518555,6.196952,0,,0,0,,,63.2,0.3,0,5,2018,7.8
Markus Wheaton,PHI,WR,86.71533203125,84.28466796875,6.193952,0,,0,0,,,58.5,0.4,0.1,4.2,2018,7.7
Damion Ratley,CLE,WR,86.71533203125,84.28466796875,6.193952,0,,0,0,,,61,0.3,0.1,5,2018,7.7
Tommylee Lewis,NO,WR,86.6733322143555,84.3266677856445,6.190952,0.7,,2.7,0,,,58.6,0.4,0.6,5.1,2018,7.6
Victor Bolden Jr.,SF,WR,86.6313323974609,84.3686676025391,6.187953,0,,0,0,,,52.5,0.4,0,4.1,2018,7.5
Krishawn Hogan,IND,WR,86.6313323974609,84.3686676025391,6.187953,0,,0,0,,,62.8,0.2,0,5.3,2018,7.5
Demarcus Ayers,CHI,WR,86.5893325805664,84.4106674194336,6.184952,0,,0,0,,,57.5,0.3,0,4.6,2018,7.4
Trevor Davis,GB,WR,86.5893325805664,84.4106674194336,6.184952,0.6,,2.2,0,,,66.7,0.2,0.3,5.4,2018,7.4
"De'Anthony Thomas",KC,WR,86.5473327636719,84.4526672363281,6.181952,1.1,,4.4,0,,,49.6,0.3,0,5.2,2018,7.3
Marcell Ateman,OAK,WR,86.5053329467773,84.4946670532227,6.178952,0,,0,0,,,56,0.3,0.1,4,2018,7.2
Shane Wynn,JAC,WR,86.4633331298828,84.5366668701172,6.175952,0,,0,0,,,53.2,0.3,0.1,3.8,2018,7.1
Freddie Martino,TB,WR,86.4633331298828,84.5366668701172,6.175952,0,,0.2,0,,,64.9,0.1,0.1,4.5,2018,7.1
Bradley Marquez,DET,WR,86.4633331298828,84.5366668701172,6.175952,0,,0,0,,,59,0.2,0,4.9,2018,7.1
Marvin Hall,ATL,WR,86.4213333129883,84.5786666870117,6.172952,0,,0,0,,,57.3,0.3,0.1,3.8,2018,7
Ricardo Louis,CLE,WR,86.4213333129883,84.5786666870117,6.172952,0,,0,0,,,69.2,0.1,0.1,6,2018,7
Max McCaffrey,SF,WR,86.4213333129883,84.5786666870117,6.172952,0,,0,0,,,58.9,0.2,0.1,5.8,2018,7
Chris Thompson,WAS,WR,86.4213333129883,84.5786666870117,6.172952,0,,0.1,0,,,58,0.2,0.1,4.1,2018,7
Tanner McEvoy,SEA,WR,86.3793334960938,84.6206665039063,6.169952,0,,0,0,,,59.8,0.4,0.6,4.3,2018,6.9
Tanner Gentry,CHI,WR,86.3793334960938,84.6206665039063,6.169952,0,,0,0,,,56.2,0.2,0.1,4.8,2018,6.9
K.J. Brent,IND,WR,86.2953338623047,84.7046661376953,6.163952,0,,0,0,,,50.9,0.3,0,4,2018,6.7
Cedrick Wilson,DAL,WR,86.2953338623047,84.7046661376953,6.163952,0,,0,0,,,51,0.3,0.1,4,2018,6.7
Auden Tate,CIN,WR,86.2533340454102,84.7466659545898,6.160953,0,,0,0,,,50,0.3,0.1,4,2018,6.6
Javon Wims,CHI,WR,86.1693344116211,84.8306655883789,6.154953,0,,0,0,,,54,0.2,0.1,4,2018,6.4
Stacy Coley,MIN,WR,86.1273345947266,84.8726654052734,6.151952,0,,0,0,,,46,0.3,0,3.9,2018,6.3
Marcus Johnson,SEA,WR,86.085334777832,84.914665222168,6.148952,0,,0,0,,,55.1,0.2,0.2,5.1,2018,6.2
J.D. McKissic,SEA,WR,86.085334777832,84.914665222168,6.148952,0,,0,0,,,48,0.3,0.2,7,2018,6.2
Dwayne Harris,OAK,WR,86.085334777832,84.914665222168,6.148952,0,,0,0,,,41.6,0.5,0.4,3,2018,6.2
Isaac Whitney,OAK,WR,86.0433349609375,84.9566650390625,6.145953,0,,0,0,,,52.5,0.2,0,4.4,2018,6.1
Michael Clark,GB,WR,86.0433349609375,84.9566650390625,6.145953,0,,0,0,,,57.2,0.1,0,4.9,2018,6.1
Jehu Chesson,KC,WR,86.0433349609375,84.9566650390625,6.145953,0,,0,0,,,53.4,0.1,0,4.6,2018,6.1
Charles Johnson,NYJ,WR,85.9593353271484,85.0406646728516,6.139953,0,,0,0,,,61,0,0.1,5,2018,5.9
Brandon Reilly,BUF,WR,85.8753356933594,85.1246643066406,6.133953,0,,0,0,,,45,0.2,0,4,2018,5.7
Ray-Ray McCloud,BUF,WR,85.8753356933594,85.1246643066406,6.133953,0,,0,0,,,45,0.2,0,4,2018,5.7
Austin Proehl,BUF,WR,85.8753356933594,85.1246643066406,6.133953,0,,0,0,,,45,0.2,0,4,2018,5.7
Quan Bray,BUF,WR,85.8753356933594,85.1246643066406,6.133953,0,,0,0,,,53.5,0.1,0.1,5.2,2018,5.7
Shelton Gibson,PHI,WR,85.8333358764648,85.1666641235352,6.130952,0,,0,0,,,50.8,0.1,0.1,4.3,2018,5.6
Aaron Burbridge,SF,WR,85.8333358764648,85.1666641235352,6.130952,0,,0,0,,,52,0.2,0.3,4,2018,5.6
Noah Brown,DAL,WR,85.8333358764648,85.1666641235352,6.130952,0,,0,0,,,44.1,0.2,0.1,4.4,2018,5.6
JoJo Natson,NYJ,WR,85.7913360595703,85.2086639404297,6.127953,0,,0,0,,,45,0.2,0.1,4,2018,5.5
Kaelin Clay,BUF,WR,85.7073364257813,85.2926635742188,6.121953,0.2,,1.5,0,,,60.4,0.1,0.6,4.7,2018,5.3
Josh Malone,CIN,WR,85.7073364257813,85.2926635742188,6.121953,0.5,,1.8,0,,,44.5,0.2,0.1,4,2018,5.3
Griff Whalen,OAK,WR,85.7073364257813,85.2926635742188,6.121953,0,,0,0,,,46.5,0.1,0,5.2,2018,5.3
Bryce Treggs,PHI,WR,85.4133377075195,85.5866622924805,6.100953,0.3,,1.8,0,,,33.7,0.2,0,2.4,2018,4.6
Jeff Janis,CLE,WR,85.2873382568359,85.7126617431641,6.091953,0,,0,0,,,38.4,0.1,0.1,3.3,2018,4.3
Kalif Raymond,NYG,WR,85.0773315429688,85.9226684570313,6.076952,0.1,,0.7,0,,,37.4,0.2,0.5,3.2,2018,3.8
Vince Mayle,BAL,WR,84.9513320922852,86.0486679077148,6.067952,0.1,,0.4,0,,,30.4,0.1,0.1,2.3,2018,3.5
Andre Roberts,NYJ,WR,84.5313339233398,86.4686660766602,6.037952,0,,0,0,,,33,0.1,0.7,3,2018,2.5
